0
3
6
7
8
9
10
14
23
24
33
34
37
40
48
49
51
52
53
55
57
58
59
60
66
68
69
72
73
74
78
80
81
83
84
88
89
90
93
95
100
101
106
107
108
111
113
114
116
118
120
123
124
125
127
128
130
133
134
137
139
143
147
150
152
153
157
162
163
165
167
168
169
173
176
177
178
179
187
191
192
193
194
195
200
208
210
211
213
214
215
221
223
226
230
232
236
239
240
241
244
245
248
251
254
260
264
265
266
269
270
271
272
276
282
283
285
286
288
293
294
296
297
298
299
300
301
302
308
310
313
314
315
316
320
321
327
329
330
332
335
336
337
338
340
342
343
344
348
352
359
363
364
367
372
379
384
385
386
387
388
392
393
395
397
398
401
406
407
409
410
411
416
419
422
424
428
430
433
434
435
436
437
438
439
440
441
443
449
450
451
452
454
455
458
459
462
463
467
472
473
474
478
479
480
481
485
486
487
490
494
496
497
500
503
508
514
515
518
519
520
521
522
523
525
526
528
529
532
536
537
538
539
544
545
547
548
550
552
553
554
555
561
562
563
566
569
572
573
576
577
578
579
580
581
584
586
587
590
592
595
598
602
604
608
612
614
615
616
618
619
620
621
624
625
627
630
631
636
639
640
642
644
645
652
653
654
655
656
658
659
660
661
662
663
666
667
669
670
674
677
682
683
684
685
686
690
696
698
699
700
702
703
705
707
710
712
716
722
724
727
728
729
730
731
733
735
736
742
743
746
748
749
750
754
755
756
760
764
767
769
770
771
772
773
778
780
781
786
788
790
791
794
795
798
799
800
801
803
805
806
808
809
810
811
815
819
821
822
826
827
828
832
833
836
837
838
839
840
842
843
845
846
847
848
849
852
857
858
861
862
863
868
872
873
874
878
880
888
889
894
897
898
899
902
904
905
906
907
908
909
910
911
917
920
923
924
925
926
929
930
934
936
938
939
941
943
944
950
951
954
955
959
962
964
965
972
973
975
977
979
980
981
982
983
984
987
991
992
995
996
1004
1005
1010
1011
1013
1015
1017
1018
1019
1020
1022
1024
1029
1032
1033
1034
1036
1037
1039
1042
1044
1045
1046
1047
1054
1055
1056
1057
1059
1061
1065
1070
1073
1074
1075
1082
1087
1090
1095
1097
1101
1102
1103
1107
1108
1110
1111
1112
1115
1116
1121
1122
1123
1124
1125
1133
1136
1137
1138
1139
1142
1144
1147
1149
1150
1151
1152
1156
1158
1160
1166
1167
1168
1169
1171
1172
1174
1175
1177
1179
1181
1185
1187
1190
1191
1193
1196
1200
1202
1204
1219
1220
1222
1225
1228
1230
1233
1238
1239
1240
1241
1242
1246
1249
1253
1261
1262
1263
1264
1267
1269
1270
1273
1274
1277
1285
1286
1287
1288
1289
1292
1294
1296
1297
1301
1304
1307
1309
1311
1312
1314
1315
1317
1318
1320
1321
1325
1329
1330
1333
1335
1338
1344
1345
1346
1347
1348
1350
1351
1355
1357
1359
1361
1362
1363
1364
1366
1377
1378
1379
1380
1382
1384
1385
1387
1388
1391
1394
1395
1398
1399
1400
1406
1407
1408
1409
1412
1413
1414
1415
1417
1418
1423
1424
1427
1432
1436
1437
1438
1439
1440
1441
1443
1446
1447
1448
1449
1452
1453
1456
1457
1459
1464
1465
1468
1470
1472
1474
1475
1478
1479
1481
1482
1483
1490
1492
1493
1494
1499
1500
1501
1502
1504
1508
1512
1513
1515
1517
1518
1522
1527
1533
1534
1535
1536
1537
1541
1544
1546
1551
1552
1556
1557
1558
1559
1560
1564
1566
1570
1571
1573
1574
1575
1576
1577
1578
1579
1580
1584
1586
1587
1594
1595
1596
1597
1598
1599
1601
1602
1603
1607
1610
1614
1615
1616
1617
1618
1619
1621
1622
1623
1627
1630
1633
1634
1635
1637
1638
1639
1641
1644
1645
1646
1648
1650
1651
1653
1657
1658
1662
1663
1665
1666
1667
1672
1675
1676
1678
1680
1681
1685
1686
1691
1692
1694
1695
1698
1703
1706
1715
1716
1718
1720
1721
1728
1729
1730
1731
1735
1737
1738
1739
1741
1742
1743
1745
1747
1748
1749
1750
1752
1754
1756
1763
1766
1768
1769
1772
1773
1776
1778
1779
1781
1789
1790
1791
1792
1793
1794
1798
1800
1810
1811
1812
1814
1818
1820
1822
1823
1824
1825
1827
1829
1831
1833
1835
1837
1839
1844
1847
1849
1853
1855
1856
1859
1866
1871
1872
1876
1878
1880
1881
1882
1885
1886
1888
1889
1896
1898
1899
1900
1902
1903
1904
1907
1909
1912
1915
1919
1920
1923
1925
1928
1930
1931
1932
1934
1938
1939
1940
1941
1944
1948
1950
1952
1954
1957
1958
1959
1960
1961
1963
1964
1968
1973
1977
1979
1980
1981
1982
1983
1986
1989
1993
1994
1998
2002
2003
2006
2008
2009
2012
2019
2024
2025
2027
2028
2036
2037
2038
2040
2042
2043
2045
2051
2053
2056
2057
2059
2066
2067
2068
2069
2070
2073
2076
2078
2079
2081
2084
2085
2087
2088
2089
2090
2093
2095
2096
2097
2098
2104
2105
2110
2112
2113
2115
2117
2118
2120
2124
2125
2126
2135
2145
2147
2148
2149
2152
2153
2155
2157
2158
2160
2165
2166
2168
2169
2170
2171
2172
2174
2175
2176
2177
2178
2179
2182
2185
2186
2187
2188
2189
2191
2193
2198
2203
2205
2206
2208
2209
2211
2213
2214
2218
2221
2222
2223
2226
2229
2230
2234
2236
2237
2240
2244
2245
2247
2250
2252
2255
2257
2258
2265
2267
2268
2270
2271
2272
2274
2276
2277
2281
2282
2283
2284
2285
2286
2287
2289
2290
2291
2293
2294
2295
2296
2298
2299
2306
2308
2313
2314
2317
2318
2320
2324
2326
2329
2330
2331
2332
2333
2337
2338
2339
2340
2341
2342
2343
2345
2346
2347
2348
2349
2351
2355
2359
2364
2367
2368
2369
2370
2372
2374
2378
2380
2383
2385
2386
2387
2389
2396
2400
2402
2403
2405
2407
2408
2409
2412
2413
2414
2416
2419
2423
2424
2426
2427
2430
2432
2435
2436
2437
2438
2441
2444
2446
2451
2452
2453
2454
2456
2457
2459
2461
2462
2463
2464
2465
2467
2468
2470
2471
2473
2474
2475
2478
2480
2481
2483
2485
2486
2490
2491
2493
2494
2495
2497
2499
2502
2503
2504
2510
2511
2513
2514
2515
2516
2517
2521
2523
2525
2527
2531
2533
2539
2541
2543
2545
2546
2547
2548
2549
2550
2552
2554
2556
2558
2559
2564
2567
2569
2575
2577
2578
2580
2581
2582
2583
2586
2588
2591
2594
2604
2607
2609
2610
2611
2615
2618
2620
2622
2623
2625
2626
2628
2629
2630
2631
2633
2635
2636
2637
2639
2641
2643
2644
2646
2648
2650
2652
2655
2656
2658
2659
2660
2661
2664
2665
2669
2673
2675
2676
2677
2678
2679
2681
2686
2687
2689
2690
2691
2693
2694
2697
2699
2700
2704
2705
2706
2707
2710
2711
2712
2714
2715
2716
2717
2718
2719
2721
2724
2725
2726
2733
2735
2736
2737
2739
2740
2741
2742
2743
2745
2747
2748
2749
2753
2757
2760
2761
2762
2763
2764
2766
2767
2771
2772
2774
2777
2778
2780
2782
2785
2787
2788
2789
2791
2795
2796
2798
2801
2802
2804
2806
2809
2811
2812
2813
2814
2815
2817
2818
2819
2820
2821
2822
2826
2828
2829
2832
2833
2834
2836
2837
2838
2839
2840
2841
2842
2844
2845
2848
2849
2854
2857
2859
2860
2863
2865
2868
2871
2872
2878
2883
2884
2885
2889
2890
2891
2892
2893
2897
2900
2901
2902
2907
2908
2909
2910
2911
2912
2913
2917
2918
2919
2920
2927
2929
2930
2934
2936
2937
2938
2940
2942
2943
2944
2945
2947
2949
2950
2954
2955
2957
2959
2960
2963
2965
2966
2970
2971
2980
2983
2987
2988
2991
2992
2996
2998
2999
3000
3001
3004
3005
3009
3010
3013
3014
3015
3018
3019
3026
3028
3029
3032
3036
3039
3042
3046
3048
3053
3054
3058
3060
3063
3064
3067
3068
3071
3072
3073
3074
3075
3076
3078
3080
3083
3084
3086
3087
3088
3091
3093
3096
3097
3105
3109
3113
3115
3117
3123
3124
3128
3131
3136
3140
3145
3146
3149
3150
3153
3154
3156
3157
3159
3160
3164
3167
3168
3169
3170
3171
3172
3174
3175
3176
3178
3180
3182
3187
3191
3193
3195
3196
3197
3198
3200
3203
3204
3206
3210
3212
3215
3216
3218
3224
3226
3229
3230
3232
3233
3234
3238
3241
3242
3243
3245
3248
3252
3257
3258
3260
3261
3262
3265
3268
3277
3282
3286
3288
3290
3298
3299
3304
3306
3309
3312
3320
3321
3322
3331
3338
3339
3341
3343
3344
3345
3346
3351
3352
3354
3356
3357
3360
3367
3374
3377
3378
3379
3381
3383
3388
3391
3393
3394
3395
3396
3397
3398
3399
3400
3401
3403
3407
3408
3410
3411
3413
3414
3419
3422
3424
3425
3426
3427
3428
3429
3433
3438
3439
3444
3447
3450
3451
3452
3453
3454
3459
3462
3463
3465
3466
3467
3469
3472
3473
3476
3477
3478
3481
3482
3483
3484
3486
3487
3488
3489
3490
3491
3492
3495
3496
3500
3503
3504
3505
3506
3508
3509
3510
3511
3516
3519
3520
3522
3523
3528
3530
3532
3533
3534
3536
3537
3542
3543
3544
3545
3546
3547
3549
3550
3551
3553
3554
3556
3561
3565
3568
3570
3571
3573
3575
3576
3580
3581
3582
3583
3587
3588
3589
3590
3591
3595
3598
3604
3606
3610
3612
3614
3615
3617
3618
3621
3628
3630
3632
3634
3636
3637
3638
3645
3646
3647
3649
3651
3655
3656
3658
3660
3661
3662
3664
3670
3674
3676
3678
3679
3681
3684
3686
3689
3690
3691
3694
3695
3698
3699
3703
3704
3705
3709
3710
3716
3717
3718
3719
3720
3722
3723
3724
3725
3726
3729
3730
3735
3738
3741
3743
3745
3746
3749
3751
3754
3756
3758
3761
3762
3763
3768
3770
3772
3778
3779
3782
3784
3785
3787
3788
3789
3790
3794
3795
3796
3803
3807
3809
3810
3812
3813
3815
3816
3817
3820
3821
3825
3827
3828
3833
3834
3842
3845
3849
3850
3853
3855
3856
3862
3867
3869
3872
3873
3876
3877
3881
3883
3884
3888
3891
3895
3897
3898
3901
3904
3905
3908
3912
3916
3922
3923
3928
3931
3934
3935
3936
3937
3940
3941
3943
3946
3948
3954
3955
3957
3962
3963
3965
3966
3969
3972
3978
3983
3999
4002
4004
4009
4014
4015
4016
4017
4018
4019
4023
4024
4025
4027
4030
4033
4034
4039
4041
4045
4049
4052
4053
4054
4055
4056
4059
4061
4064
4065
4067
4068
4070
4076
4078
4082
4085
4087
4088
4091
4093
4099
4100
4101
4103
4104
4105
4108
4111
4112
4113
4119
4121
4122
4125
4126
4130
4132
4135
4137
4138
4139
4142
4143
4146
4149
4151
4152
4154
4157
4158
4159
4161
4165
4166
4167
4168
4170
4172
4175
4177
4178
4184
4187
4188
4196
4198
4202
4203
4205
4207
4209
4213
4214
4215
4217
4219
4220
4223
4224
4225
4229
4230
4232
4233
4240
4244
4247
4254
4256
4259
4261
4262
4263
4264
4265
4266
4267
4269
4275
4276
4277
4278
4279
4283
4284
4286
4289
4290
4291
4296
4297
4299
4300
4303
4304
4305
4311
4314
4315
4316
4320
4321
4325
4330
4332
4335
4336
4337
4338
4340
4342
4343
4344
4352
4353
4354
4356
4357
4358
4362
4365
4366
4368
4369
4370
4371
4372
4374
4375
4378
4379
4381
4382
4384
4385
4387
4388
4390
4391
4392
4396
4397
4399
4400
4406
4409
4413
4415
4416
4417
4422
4423
4424
4425
4429
4431
4433
4435
4437
4439
4442
4443
4445
4448
4452
4461
4462
4465
4468
4469
4472
4473
4474
4478
4480
4484
4485
4488
4489
4491
4493
4494
4498
4499
4500
4503
4504
4512
4516
4517
4521
4523
4525
4526
4529
4530
4531
4533
4534
4535
4536
4538
4543
4544
4545
4549
4551
4552
4556
4557
4559
4563
4564
4565
4570
4574
4575
4576
4577
4580
4587
4588
4590
4596
4597
4598
4602
4606
4609
4612
4614
4615
4616
4617
4618
4619
4620
4622
4625
4626
4635
4637
4638
4641
4644
4646
4650
4654
4659
4663
4664
4665
4668
4669
4670
4672
4673
4674
4675
4677
4679
4681
4682
4684
4685
4686
4687
4688
4689
4691
4693
4695
4696
4697
4699
4702
4704
4709
4711
4714
4717
4718
4721
4723
4726
4729
4730
4731
4732
4733
4735
4737
4738
4739
4741
4742
4744
4749
4752
4759
4761
4762
4766
4767
4769
4775
4778
4783
4786
4795
4797
4800
4802
4804
4809
4810
4811
4815
4820
4822
4824
4826
4831
4834
4838
4841
4843
4846
4850
4853
4855
4858
4859
4862
4864
4866
4871
4875
4879
4881
4882
4883
4887
4888
4891
4894
4895
4902
4903
4904
4907
4909
4912
4915
4916
4919
4920
4923
4925
4928
4929
4931
4933
4944
4945
4946
4950
4954
4956
4957
4960
4961
4962
4964
4969
4971
4972
4977
4980
4983
4985
4987
4988
4989
4990
4992
4996
4999
5001
5003
5014
5016
5018
5028
5029
5036
5039
5041
5042
5044
5047
5048
5052
5053
5056
5057
5059
5062
5063
5065
5068
5070
5071
5074
5076
5080
5081
5084
5085
5088
5089
5091
5094
5095
5096
5097
5099
5100
5101
5103
5106
5108
5109
5110
5112
5113
5118
5119
5121
5124
5126
5127
5128
5129
5131
5132
5135
5137
5138
5139
5141
5144
5146
5147
5149
5151
5156
5158
5160
5161
5162
5164
5167
5168
5169
5171
5173
5174
5175
5176
5181
5184
5185
5186
5188
5189
5191
5192
5195
5197
5198
5200
5201
5203
5205
5206
5207
5208
5209
5210
5215
5223
5225
5229
5231
5232
5235
5238
5241
5242
5243
5246
5248
5249
5253
5255
5257
5259
5261
5262
5268
5269
5271
5274
5275
5276
5277
5279
5281
5283
5285
5287
5295
5297
5298
5300
5301
5302
5303
5308
5311
5313
5315
5317
5318
5319
5320
5321
5324
5325
5326
5330
5331
5336
5338
5342
5344
5345
5347
5348
5349
5353
5354
5356
5360
5361
5365
5367
5370
5372
5373
5375
5376
5378
5379
5380
5381
5389
5392
5393
5394
5397
5398
5400
5403
5404
5405
5406
5407
5408
5409
5412
5415
5418
5419
5420
5423
5426
5427
5430
5431
5432
5433
5436
5438
5439
5440
5442
5447
5449
5451
5453
5454
5455
5456
5457
5458
5462
5468
5469
5471
5472
5474
5477
5478
5481
5483
5484
5493
5495
5496
5497
5500
5501
5503
5504
5511
5512
5518
5520
5521
5525
5526
5531
5532
5533
5534
5536
5543
5544
5545
5547
5548
5549
5551
5552
5553
5555
5556
5557
5560
5569
5570
5571
5572
5573
5577
5581
5582
5585
5586
5591
5594
5595
5597
5601
5603
5604
5607
5610
5612
5613
5614
5616
5619
5620
5623
5624
5626
5627
5628
5630
5631
5633
5634
5635
5636
5643
5649
5654
5656
5657
5658
5661
5668
5670
5671
5672
5674
5676
5679
5681
5682
5687
5693
5695
5697
5699
5701
5702
5703
5704
5705
5713
5714
5716
5720
5723
5725
5730
5731
5736
5737
5739
5742
5743
5744
5746
5752
5755
5757
5763
5764
5767
5768
5769
5770
5773
5774
5776
5783
5784
5786
5788
5789
5793
5795
5800
5802
5803
5805
5806
5810
5813
5814
5815
5817
5818
5820
5823
5828
5830
5833
5839
5840
5843
5844
5845
5847
5852
5853
5856
5860
5861
5865
5867
5868
5870
5872
5876
5882
5883
5884
5885
5890
5893
5895
5896
5899
5900
5903
5905
5913
5915
5916
5919
5921
5922
5923
5925
5926
5928
5929
5930
5931
5934
5938
5940
5941
5942
5945
5947
5948
5952
5955
5956
5958
5963
5968
5970
5973
5975
5976
5978
5979
5980
5981
5985
5987
5988
5989
5993
5997
6001
6006
6008
6010
6011
6014
6016
6020
6024
6028
6029
6030
6031
6033
6035
6036
6044
6045
6046
6054
6057
6060
6063
6068
6069
6070
6071
6073
6074
6075
6077
6078
6082
6083
6088
6092
6096
6097
6098
6099
6100
6101
6105
6107
6108
6110
6112
6114
6115
6117
6118
6126
6128
6129
6130
6132
6135
6138
6140
6146
6147
6148
6150
6153
6158
6159
6160
6162
6163
6168
6169
6172
6176
6177
6178
6181
6184
6185
6187
6190
6192
6197
6199
6200
6201
6203
6204
6205
6208
6209
6210
6212
6218
6220
6221
6223
6224
6228
6230
6233
6235
6236
6240
6241
6242
6243
6244
6246
6248
6252
6255
6257
6260
6261
6264
6266
6268
6277
6278
6281
6282
6283
6284
6291
6292
6293
6296
6297
6299
6300
6302
6303
6305
6307
6308
6310
6315
6317
6324
6325
6330
6332
6334
6337
6338
6343
6344
6345
6349
6350
6351
6353
6354
6357
6358
6360
6361
6362
6365
6366
6367
6368
6370
6371
6372
6374
6375
6377
6378
6379
6380
6384
6385
6390
6391
6392
6393
6396
6398
6399
6400
6406
6407
6412
6415
6416
6417
6419
6420
6421
6426
6427
6429
6430
6433
6434
6440
6441
6444
6446
6449
6450
6452
6454
6455
6457
6461
6462
6464
6466
6469
6472
6476
6477
6479
6489
6492
6495
6500
6504
6508
6510
6513
6517
6519
6521
6524
6533
6534
6538
6541
6546
6547
6548
6549
6550
6551
6552
6555
6557
6559
6560
6562
6568
6569
6570
6572
6573
6574
6581
6585
6587
6589
6591
6592
6594
6596
6598
6600
6601
6604
6605
6607
6609
6610
6611
6613
6615
6616
6619
6621
6627
6630
6631
6637
6640
6643
6645
6647
6651
6652
6661
6665
6669
6672
6676
6677
6686
6687
6693
6697
6699
6700
6701
6703
6704
6705
6706
6708
6710
6711
6713
6718
6720
6721
6722
6724
6728
6729
6733
6734
6737
6742
6745
6750
6751
6752
6755
6756
6758
6763
6765
6767
6774
6775
6776
6777
6780
6782
6783
6784
6785
6786
6787
6789
6790
6797
6800
6801
6806
6808
6809
6815
6816
6817
6819
6822
6837
6838
6839
6840
6841
6842
6843
6844
6845
6846
6847
6848
6852
6855
6856
6860
6862
6865
6873
6874
6877
6881
6882
6884
6885
6887
6888
6891
6893
6895
6896
6897
6898
6899
6901
6903
6904
6905
6906
6907
6908
6910
6911
6913
6914
6917
6918
6920
6922
6928
6929
6931
6932
6933
6934
6937
6940
6941
6943
6945
6946
6947
6951
6952
6954
6955
6956
6958
6960
6964
6967
6968
6969
6973
6974
6982
6986
6988
6992
6993
6996
7002
7010
7011
7013
7016
7019
7023
7025
7030
7031
7032
7035
7037
7038
7039
7040
7041
7044
7049
7050
7052
7053
7054
7056
7059
7063
7065
7068
7070
7071
7074
7077
7078
7079
7081
7082
7085
7087
7089
7090
7097
7099
7103
7105
7106
7111
7113
7115
7116
7118
7120
7121
7123
7124
7126
7129
7133
7134
7137
7142
7143
7144
7149
7151
7153
7154
7155
7156
7157
7158
7160
7164
7166
7167
7169
7170
7171
7174
7175
7177
7178
7181
7183
7185
7187
7191
7192
7197
7200
7202
7208
7210
7211
7217
7224
7225
7229
7230
7231
7232
7237
7244
7245
7247
7248
7249
7259
7261
7262
7263
7264
7265
7266
7268
7270
7271
7273
7274
7275
7276
7280
7281
7283
7286
7287
7291
7292
7293
7294
7297
7300
7301
7303
7306
7307
7312
7313
7314
7315
7319
7325
7326
7328
7329
7334
7335
7336
7345
7346
7348
7349
7350
7351
7354
7356
7357
7358
7359
7361
7366
7367
7368
7372
7373
7374
7376
7377
7383
7384
7392
7393
7394
7395
7398
7400
7404
7405
7406
7407
7410
7411
7412
7415
7425
7428
7430
7432
7438
7445
7446
7449
7450
7451
7453
7459
7460
7462
7465
7472
7474
7475
7477
7478
7486
7491
7493
7497
7498
7500
7503
7505
7506
7507
7508
7510
7514
7518
7519
7520
7521
7523
7525
7526
7529
7536
7537
7545
7546
7547
7548
7553
7557
7559
7562
7564
7567
7569
7570
7572
7573
7575
7576
7578
7580
7581
7582
7584
7585
7586
7587
7592
7600
7604
7605
7608
7610
7611
7612
7614
7615
7616
7620
7621
7623
7625
7628
7633
7634
7635
7638
7639
7643
7644
7646
7647
7651
7654
7657
7660
7661
7662
7664
7672
7679
7682
7683
7685
7686
7687
7690
7691
7692
7695
7696
7697
7700
7704
7707
7712
7716
7719
7720
7721
7722
7725
7727
7728
7731
7734
7735
7736
7737
7739
7742
7745
7750
7753
7759
7761
7762
7766
7773
7776
7779
7783
7785
7791
7792
7797
7798
7800
7805
7806
7807
7812
7814
7815
7818
7819
7821
7823
7828
7829
7830
7831
7832
7833
7834
7837
7838
7840
7842
7844
7848
7849
7852
7853
7854
7857
7859
7861
7862
7864
7865
7866
7867
7871
7872
7874
7878
7879
7881
7883
7886
7889
7892
7897
7899
7900
7901
7902
7903
7904
7905
7910
7911
7912
7913
7915
7916
7919
7921
7923
7927
7929
7931
7935
7936
7937
7938
7939
7941
7942
7945
7946
7948
7953
7954
7959
7960
7961
7962
7963
7964
7965
7969
7970
7973
7974
7976
7980
7981
7983
7986
7993
7994
7998
8000
8001
8003
8004
8006
8008
8010
8013
8017
8020
8023
8025
8028
8029
8034
8035
8038
8039
8040
8041
8044
8045
8046
8047
8048
8049
8051
8053
8054
8056
8059
8061
8064
8065
8066
8067
8075
8076
8077
8084
8086
8087
8091
8093
8094
8095
8097
8100
8101
8102
8105
8108
8109
8110
8111
8112
8113
8114
8115
8119
8120
8122
8124
8128
8129
8130
8131
8132
8133
8137
8138
8140
8142
8145
8146
8149
8153
8159
8160
8165
8166
8167
8169
8172
8173
8174
8183
8184
8189
8191
8192
8194
8198
8199
8202
8203
8204
8205
8206
8207
8208
8209
8211
8212
8213
8215
8217
8220
8222
8225
8226
8228
8233
8235
8239
8240
8244
8247
8248
8251
8259
8262
8263
8264
8265
8267
8268
8272
8273
8278
8279
8280
8281
8283
8284
8285
8287
8288
8289
8291
8295
8296
8297
8303
8306
8309
8312
8313
8319
8321
8324
8328
8330
8331
8332
8333
8334
8336
8340
8341
8346
8353
8356
8357
8358
8360
8362
8364
8365
8367
8372
8374
8380
8381
8382
8383
8384
8387
8388
8393
8397
8404
8405
8406
8409
8410
8411
8412
8415
8418
8420
8423
8424
8425
8426
8428
8430
8434
8436
8439
8440
8443
8444
8448
8451
8459
8461
8465
8466
8468
8481
8483
8486
8488
8490
8491
8493
8495
8496
8497
8500
8501
8504
8508
8509
8514
8515
8522
8526
8532
8534
8542
8544
8547
8549
8553
8560
8562
8567
8568
8569
8572
8573
8581
8583
8584
8586
8588
8589
8593
8594
8603
8604
8605
8607
8609
8610
8615
8616
8617
8618
8619
8620
8621
8622
8623
8625
8626
8627
8630
8633
8637
8638
8640
8641
8644
8649
8650
8651
8653
8654
8655
8656
8657
8659
8661
8664
8665
8666
8669
8670
8672
8673
8674
8678
8679
8682
8685
8686
8688
8689
8692
8693
8695
8696
8702
8705
8709
8710
8711
8712
8714
8715
8716
8717
8719
8720
8721
8724
8725
8731
8733
8734
8741
8742
8743
8744
8749
8750
8751
8757
8763
8764
8769
8770
8773
8776
8779
8783
8784
8785
8786
8789
8790
8792
8794
8796
8801
8803
8806
8808
8809
8810
8812
8813
8814
8821
8824
8828
8829
8830
8832
8833
8837
8838
8839
8840
8841
8843
8844
8846
8847
8848
8852
8856
8860
8861
8862
8866
8867
8870
8880
8881
8882
8885
8886
8889
8893
8896
8897
8900
8902
8904
8905
8908
8909
8910
8911
8913
8914
8915
8917
8919
8920
8924
8927
8928
8931
8941
8942
8944
8949
8950
8952
8955
8956
8958
8959
8960
8962
8963
8964
8965
8967
8970
8972
8976
8979
8981
8982
8986
8987
8988
8990
8994
9001
9002
9005
9006
9007
9013
9015
9016
9018
9019
9024
9027
9028
9031
9034
9036
9039
9042
9043
9045
9047
9048
9049
9052
9061
9064
9066
9068
9071
9072
9074
9076
9077
9078
9079
9080
9081
9084
9086
9090
9091
9092
9093
9094
9099
9101
9102
9105
9106
9107
9108
9111
9112
9114
9115
9119
9120
9123
9125
9126
9128
9130
9133
9134
9136
9137
9139
9141
9144
9145
9146
9148
9151
9154
9155
9156
9158
9159
9160
9161
9162
9163
9165
9169
9170
9174
9176
9179
9180
9183
9184
9186
9188
9190
9195
9197
9198
9201
9202
9203
9204
9205
9207
9208
9211
9212
9218
9224
9247
9248
9253
9254
9255
9257
9261
9262
9264
9266
9267
9268
9272
9274
9276
9277
9278
9279
9281
9285
9287
9291
9295
9296
9297
9298
9305
9306
9307
9316
9317
9319
9320
9323
9325
9330
9339
9342
9344
9346
9347
9351
9352
9353
9357
9361
9363
9369
9373
9378
9379
9380
9382
9387
9388
9391
9392
9395
9398
9402
9406
9407
9409
9411
9414
9415
9416
9419
9421
9427
9429
9434
9435
9436
9437
9438
9439
9441
9442
9444
9446
9448
9449
9450
9451
9452
9453
9454
9455
9461
9466
9467
9468
9472
9473
9474
9475
9476
9478
9481
9484
9487
9490
9491
9492
9498
9501
9505
9507
9508
9513
9520
9521
9522
9523
9524
9525
9530
9532
9533
9534
9536
9537
9540
9542
9543
9545
9546
9548
9549
9554
9555
9558
9561
9562
9564
9566
9568
9570
9572
9574
9575
9576
9578
9579
9580
9583
9585
9587
9588
9589
9590
9591
9592
9595
9596
9597
9598
9599
9603
9604
9605
9607
9611
9613
9614
9615
9620
9623
9624
9629
9630
9634
9635
9638
9642
9645
9647
9651
9652
9653
9654
9657
9659
9660
9662
9663
9666
9667
9669
9671
9672
9673
9674
9676
9680
9681
9685
9689
9690
9691
9694
9695
9697
9698
9699
9700
9702
9706
9708
9709
9710
9712
9716
9717
9718
9719
9720
9721
9722
9723
9726
9731
9734
9738
9740
9742
9743
9744
9745
9747
9749
9750
9751
9752
9753
9756
9760
9768
9769
9773
9777
9783
9785
9786
9787
9788
9790
9792
9793
9794
9797
9801
9802
9805
9806
9807
9808
9809
9810
9813
9815
9818
9819
9825
9826
9827
9831
9832
9837
9841
9843
9844
9846
9847
9850
9852
9854
9856
9857
9858
9860
9863
9866
9867
9870
9871
9875
9877
9878
9885
9890
9891
9892
9895
9901
9906
9907
9908
9909
9910
9911
9916
9917
9920
9924
9926
9932
9943
9945
9946
9948
9954
9958
9959
9961
9962
9963
9964
9967
9970
9971
9977
9978
9980
9981
9985
9986
9990
9994
9995
9996
9998
