0
3
4
6
8
9
13
14
17
18
22
23
24
25
26
27
31
32
33
34
35
37
38
40
42
45
46
47
50
51
52
53
54
58
59
60
63
65
66
68
69
72
75
78
80
81
82
85
89
90
91
92
93
103
105
113
114
116
117
118
120
125
127
128
130
132
136
137
139
140
142
143
145
147
150
151
154
155
157
158
159
160
162
165
168
169
171
174
180
182
184
185
188
190
191
194
200
203
204
207
208
209
210
211
212
213
214
215
219
221
222
223
225
226
228
230
231
232
233
236
237
240
241
242
243
244
245
246
248
252
253
256
257
258
262
264
265
268
270
271
272
273
276
277
278
281
286
294
296
299
300
302
304
306
312
314
318
321
323
325
330
331
332
333
334
336
337
338
340
344
347
348
353
354
356
357
358
360
367
372
374
376
377
379
382
384
385
386
388
390
395
397
402
403
406
408
414
418
419
420
430
432
434
437
439
441
442
443
444
445
447
448
449
450
451
454
455
458
459
462
463
464
465
468
470
471
472
473
474
475
478
480
481
482
483
485
486
487
488
491
492
496
498
500
502
504
505
506
508
514
516
518
519
522
523
527
528
529
530
532
537
538
540
541
543
545
548
552
554
555
556
557
560
562
565
566
567
569
570
572
573
575
577
578
579
584
586
590
592
594
598
599
603
607
609
611
612
614
615
617
618
619
621
622
624
627
628
630
631
632
633
634
636
637
639
640
642
643
644
645
648
650
654
655
656
658
659
660
662
663
664
665
666
671
673
674
675
678
681
682
685
686
690
691
696
697
698
699
702
705
708
714
717
722
728
729
730
731
735
736
740
742
743
744
745
746
747
748
750
753
755
759
764
767
770
773
774
777
778
779
780
781
782
783
785
790
791
793
795
796
803
805
806
808
809
810
812
815
819
820
822
823
825
827
828
829
832
833
834
835
838
840
841
843
845
846
848
849
852
853
854
858
859
860
862
864
866
867
868
869
870
871
872
873
874
875
877
880
881
883
884
889
891
892
893
899
900
903
908
909
910
912
913
915
917
920
923
925
930
932
933
935
936
938
939
940
941
942
943
945
946
949
950
951
952
953
959
960
962
963
964
965
967
968
969
970
971
972
974
975
979
981
982
983
985
987
988
989
992
994
995
996
1000
1001
1004
1005
1007
1009
1011
1012
1013
1014
1015
1017
1018
1019
1022
1033
1034
1036
1038
1039
1045
1046
1047
1048
1052
1053
1054
1056
1057
1059
1060
1062
1066
1068
1070
1072
1073
1079
1080
1081
1082
1083
1084
1086
1089
1091
1092
1097
1101
1102
1103
1107
1108
1111
1115
1119
1120
1122
1124
1125
1128
1129
1130
1133
1136
1137
1138
1141
1142
1143
1144
1145
1146
1147
1149
1150
1152
1154
1155
1156
1158
1161
1162
1163
1164
1166
1167
1168
1169
1170
1171
1172
1173
1174
1179
1180
1181
1182
1183
1184
1185
1189
1191
1192
1193
1194
1195
1196
1199
1200
1201
1202
1204
1205
1206
1208
1209
1211
1212
1213
1216
1217
1219
1220
1222
1223
1227
1228
1231
1239
1241
1242
1243
1244
1245
1246
1248
1249
1253
1255
1256
1259
1261
1262
1263
1264
1267
1268
1270
1272
1273
1276
1277
1282
1283
1284
1285
1286
1289
1294
1297
1299
1300
1302
1304
1305
1307
1308
1309
1310
1313
1314
1315
1318
1321
1322
1325
1327
1328
1331
1334
1335
1337
1338
1342
1344
1346
1348
1352
1353
1354
1355
1356
1358
1359
1360
1362
1363
1364
1365
1366
1373
1377
1378
1379
1381
1382
1384
1385
1386
1388
1390
1391
1392
1393
1395
1398
1399
1400
1402
1403
1407
1408
1409
1414
1415
1421
1422
1423
1426
1427
1428
1429
1430
1432
1433
1434
1435
1439
1441
1442
1446
1447
1448
1449
1451
1453
1454
1457
1458
1461
1462
1463
1465
1467
1470
1471
1472
1475
1478
1479
1481
1482
1483
1485
1490
1492
1493
1496
1497
1498
1499
1501
1503
1504
1506
1508
1514
1515
1516
1517
1518
1519
1520
1522
1524
1525
1527
1528
1530
1532
1533
1535
1536
1542
1543
1546
1548
1551
1554
1556
1557
1559
1560
1562
1564
1566
1567
1574
1575
1576
1579
1581
1582
1584
1585
1586
1587
1588
1590
1597
1598
1599
1601
1602
1607
1608
1609
1610
1613
1614
1615
1617
1618
1621
1624
1629
1632
1633
1635
1637
1638
1639
1640
1645
1646
1648
1650
1655
1657
1658
1659
1661
1662
1665
1666
1668
1671
1675
1676
1678
1679
1680
1682
1683
1684
1685
1687
1688
1690
1692
1693
1694
1697
1698
1699
1700
1701
1702
1703
1704
1706
1707
1709
1711
1715
1717
1718
1721
1724
1726
1728
1729
1730
1731
1733
1735
1736
1737
1739
1740
1741
1742
1745
1747
1748
1750
1751
1752
1753
1754
1756
1758
1759
1761
1765
1768
1769
1771
1772
1773
1774
1776
1779
1780
1781
1782
1786
1789
1790
1791
1792
1793
1794
1795
1797
1798
1799
1800
1801
1804
1805
1809
1810
1818
1819
1820
1821
1822
1824
1827
1831
1832
1835
1837
1838
1839
1841
1843
1844
1848
1849
1852
1853
1855
1856
1858
1859
1861
1862
1864
1867
1868
1871
1872
1873
1877
1881
1882
1884
1885
1886
1888
1889
1890
1891
1892
1893
1894
1900
1901
1903
1904
1905
1906
1912
1913
1915
1917
1918
1919
1921
1922
1923
1925
1926
1928
1929
1930
1931
1932
1933
1935
1936
1937
1940
1941
1943
1946
1947
1948
1949
1950
1953
1956
1959
1960
1961
1963
1965
1970
1972
1973
1974
1977
1982
1984
1985
1986
1993
1994
1995
1996
1997
1998
1999
2000
2003
2005
2006
2007
2008
2009
2012
2015
2016
2019
2025
2026
2027
2028
2029
2031
2032
2033
2034
2035
2038
2039
2040
2042
2043
2044
2045
2046
2048
2050
2051
2052
2053
2058
2059
2062
2066
2068
2069
2070
2072
2076
2079
2081
2082
2087
2088
2090
2091
2092
2093
2094
2095
2097
2100
2103
2105
2110
2112
2113
2115
2117
2118
2119
2120
2121
2124
2125
2128
2129
2130
2131
2132
2133
2135
2137
2138
2145
2147
2148
2152
2153
2154
2155
2156
2157
2158
2160
2162
2163
2165
2168
2169
2170
2175
2176
2177
2179
2181
2182
2186
2187
2189
2190
2192
2195
2196
2197
2199
2202
2205
2206
2208
2209
2210
2211
2212
2214
2215
2216
2217
2220
2221
2222
2225
2226
2227
2229
2230
2231
2232
2233
2234
2235
2236
2237
2239
2246
2247
2248
2250
2251
2253
2255
2256
2257
2258
2260
2264
2265
2266
2268
2269
2270
2271
2272
2275
2278
2279
2280
2281
2283
2287
2290
2291
2293
2294
2296
2299
2300
2305
2306
2308
2309
2310
2313
2317
2318
2320
2321
2322
2324
2326
2328
2329
2330
2332
2334
2336
2337
2339
2340
2341
2342
2343
2344
2345
2346
2347
2348
2351
2353
2358
2359
2360
2361
2362
2363
2364
2369
2370
2372
2376
2380
2381
2382
2383
2384
2385
2386
2387
2389
2390
2391
2392
2393
2394
2395
2396
2398
2400
2403
2405
2409
2410
2411
2412
2413
2418
2419
2420
2421
2423
2424
2425
2426
2427
2428
2429
2431
2433
2434
2435
2437
2438
2441
2446
2448
2449
2453
2455
2457
2458
2460
2462
2463
2464
2465
2466
2468
2471
2474
2475
2478
2479
2482
2483
2485
2489
2490
2491
2493
2495
2497
2499
2500
2501
2504
2509
2510
2514
2515
2517
2519
2521
2524
2526
2528
2534
2536
2537
2538
2541
2543
2544
2545
2546
2547
2548
2550
2552
2554
2556
2565
2568
2570
2571
2572
2573
2574
2575
2576
2577
2578
2579
2580
2581
2585
2587
2588
2589
2590
2591
2592
2593
2594
2598
2600
2603
2604
2607
2608
2609
2612
2616
2617
2618
2619
2620
2622
2623
2624
2625
2626
2628
2630
2631
2632
2636
2637
2638
2642
2643
2644
2655
2656
2658
2660
2661
2667
2668
2669
2670
2672
2674
2676
2678
2679
2681
2682
2683
2686
2687
2688
2690
2691
2693
2694
2695
2700
2701
2702
2704
2705
2707
2708
2709
2711
2712
2713
2714
2715
2716
2717
2718
2719
2720
2721
2722
2723
2724
2725
2726
2729
2731
2733
2734
2737
2745
2748
2750
2751
2752
2755
2756
2757
2759
2760
2761
2762
2763
2766
2768
2769
2771
2772
2775
2777
2778
2779
2780
2783
2785
2787
2789
2791
2794
2796
2797
2798
2800
2801
2802
2804
2807
2809
2811
2812
2814
2817
2818
2820
2821
2822
2824
2825
2827
2828
2832
2833
2837
2840
2842
2843
2844
2845
2847
2848
2849
2850
2853
2854
2855
2856
2857
2858
2859
2862
2863
2869
2871
2872
2873
2877
2878
2883
2884
2885
2889
2896
2897
2898
2900
2901
2904
2909
2911
2914
2916
2918
2919
2921
2927
2932
2933
2934
2937
2940
2941
2942
2943
2944
2948
2949
2950
2951
2954
2957
2958
2959
2960
2963
2964
2965
2966
2968
2969
2970
2971
2973
2974
2975
2977
2978
2979
2980
2983
2986
2988
2990
2992
2994
2995
2998
2999
3001
3002
3003
3004
3005
3010
3011
3012
3013
3014
3015
3018
3019
3020
3022
3023
3024
3026
3027
3032
3033
3034
3035
3036
3037
3041
3043
3044
3046
3047
3048
3049
3051
3052
3053
3054
3055
3056
3058
3060
3064
3065
3069
3071
3072
3074
3075
3079
3080
3082
3084
3086
3087
3088
3090
3091
3093
3094
3098
3101
3103
3104
3106
3108
3109
3110
3114
3116
3118
3121
3124
3125
3126
3128
3131
3133
3134
3135
3136
3140
3141
3145
3146
3150
3152
3153
3155
3156
3157
3158
3159
3160
3164
3167
3169
3170
3172
3173
3174
3175
3176
3179
3182
3186
3187
3189
3190
3192
3194
3198
3199
3201
3203
3204
3207
3210
3215
3216
3217
3219
3220
3222
3224
3225
3229
3230
3233
3234
3237
3239
3241
3242
3243
3244
3245
3247
3251
3252
3256
3257
3258
3261
3265
3267
3270
3272
3274
3277
3278
3279
3284
3285
3286
3287
3288
3290
3292
3293
3299
3300
3303
3306
3308
3313
3315
3318
3321
3322
3323
3324
3327
3328
3331
3332
3335
3336
3337
3339
3342
3343
3345
3348
3349
3350
3351
3352
3354
3355
3356
3357
3361
3362
3363
3364
3365
3366
3369
3372
3376
3377
3379
3381
3382
3383
3384
3389
3391
3394
3395
3396
3397
3400
3403
3404
3405
3406
3408
3410
3411
3412
3413
3414
3417
3418
3419
3423
3424
3425
3427
3429
3432
3434
3440
3442
3444
3445
3447
3449
3450
3452
3453
3455
3457
3458
3462
3463
3464
3465
3466
3467
3469
3472
3478
3479
3480
3481
3482
3484
3486
3488
3489
3491
3492
3493
3494
3497
3498
3499
3500
3505
3506
3507
3508
3509
3510
3515
3516
3517
3519
3521
3522
3523
3528
3529
3533
3534
3536
3537
3541
3542
3543
3547
3551
3552
3553
3554
3556
3559
3561
3568
3571
3573
3578
3579
3580
3582
3583
3587
3589
3592
3595
3597
3599
3602
3604
3606
3611
3613
3615
3616
3617
3622
3624
3628
3629
3631
3633
3636
3637
3641
3643
3645
3647
3648
3649
3658
3659
3661
3663
3664
3668
3669
3670
3671
3672
3673
3674
3678
3679
3680
3681
3686
3689
3690
3692
3694
3695
3697
3698
3699
3700
3701
3705
3707
3709
3713
3716
3717
3720
3721
3722
3724
3725
3728
3729
3730
3731
3732
3733
3735
3738
3741
3746
3749
3750
3753
3754
3755
3756
3757
3758
3763
3764
3765
3767
3768
3770
3771
3774
3777
3778
3779
3780
3781
3782
3783
3785
3786
3788
3789
3790
3792
3796
3800
3801
3803
3806
3807
3808
3810
3811
3812
3814
3815
3816
3820
3821
3823
3824
3825
3827
3830
3834
3836
3838
3841
3842
3843
3845
3847
3849
3850
3851
3852
3853
3854
3855
3856
3857
3860
3861
3862
3867
3869
3872
3873
3875
3876
3877
3879
3880
3881
3882
3883
3884
3888
3889
3891
3893
3894
3895
3896
3897
3904
3905
3906
3908
3911
3913
3915
3916
3918
3919
3920
3921
3922
3923
3924
3925
3926
3928
3929
3930
3931
3932
3933
3934
3936
3937
3938
3940
3941
3944
3945
3946
3948
3950
3951
3954
3956
3957
3959
3963
3965
3966
3968
3971
3972
3973
3975
3977
3980
3981
3982
3984
3985
3987
3988
3992
3993
3996
4002
4004
4008
4009
4012
4015
4016
4017
4018
4019
4020
4021
4023
4024
4025
4027
4031
4032
4034
4035
4036
4039
4040
4041
4042
4043
4044
4045
4050
4052
4053
4054
4057
4058
4059
4063
4064
4066
4067
4069
4072
4073
4074
4077
4078
4080
4082
4083
4084
4087
4088
4092
4096
4100
4101
4102
4103
4104
4106
4109
4111
4112
4113
4114
4117
4118
4122
4123
4125
4126
4127
4128
4134
4135
4136
4137
4138
4139
4142
4144
4145
4146
4147
4149
4152
4153
4154
4155
4156
4157
4158
4159
4160
4161
4162
4163
4165
4166
4167
4168
4169
4170
4171
4174
4175
4176
4177
4178
4184
4188
4190
4196
4198
4199
4201
4203
4206
4207
4209
4210
4213
4214
4215
4216
4217
4220
4221
4222
4224
4225
4226
4228
4229
4231
4232
4234
4240
4242
4244
4247
4253
4254
4256
4257
4259
4260
4263
4264
4265
4267
4268
4270
4275
4276
4282
4283
4284
4285
4286
4287
4288
4289
4290
4295
4296
4297
4298
4299
4301
4302
4303
4305
4306
4309
4310
4311
4314
4320
4321
4323
4325
4326
4327
4328
4330
4332
4334
4335
4336
4340
4342
4343
4344
4345
4349
4352
4353
4354
4355
4356
4357
4358
4360
4361
4364
4365
4371
4372
4373
4375
4378
4380
4381
4384
4385
4386
4387
4390
4391
4392
4393
4395
4396
4397
4406
4407
4409
4412
4414
4416
4417
4421
4422
4423
4424
4425
4428
4430
4433
4434
4435
4436
4437
4439
4440
4441
4443
4444
4445
4448
4449
4452
4453
4456
4463
4464
4468
4469
4470
4471
4472
4474
4476
4478
4479
4480
4481
4483
4484
4485
4487
4488
4489
4490
4493
4494
4495
4496
4497
4498
4500
4501
4503
4504
4512
4513
4516
4517
4522
4523
4524
4525
4526
4528
4529
4530
4533
4534
4535
4536
4537
4539
4540
4543
4544
4545
4546
4548
4549
4550
4552
4553
4554
4557
4558
4559
4560
4562
4563
4564
4567
4568
4569
4571
4573
4574
4575
4576
4582
4585
4586
4587
4590
4592
4594
4600
4602
4603
4608
4611
4612
4613
4614
4615
4617
4619
4621
4624
4627
4629
4630
4635
4637
4638
4644
4645
4647
4649
4650
4652
4656
4658
4659
4660
4663
4668
4670
4672
4673
4674
4675
4676
4677
4678
4679
4681
4682
4683
4684
4685
4693
4694
4695
4696
4697
4698
4700
4701
4704
4705
4708
4709
4711
4713
4716
4723
4725
4728
4729
4730
4732
4734
4735
4739
4743
4744
4749
4750
4752
4753
4754
4755
4759
4760
4761
4762
4763
4767
4771
4772
4773
4774
4776
4777
4778
4779
4782
4783
4785
4787
4788
4797
4799
4800
4802
4804
4806
4807
4808
4809
4810
4811
4816
4818
4819
4820
4822
4823
4824
4825
4827
4828
4830
4831
4834
4836
4838
4840
4841
4843
4845
4847
4849
4850
4851
4854
4857
4859
4860
4861
4862
4864
4867
4868
4871
4875
4877
4879
4881
4885
4886
4887
4888
4892
4893
4894
4895
4900
4901
4903
4904
4906
4910
4915
4916
4917
4918
4919
4921
4923
4924
4925
4930
4933
4934
4935
4937
4939
4941
4942
4944
4945
4946
4947
4948
4949
4951
4953
4960
4964
4966
4967
4968
4969
4971
4972
4976
4977
4980
4983
4984
4986
4987
4988
4989
4990
4992
4993
4994
4996
5001
5002
5003
5004
5008
5014
5015
5016
5017
5020
5023
5025
5030
5031
5033
5037
5041
5042
5044
5047
5048
5049
5050
5052
5055
5056
5057
5059
5062
5063
5065
5067
5069
5070
5074
5075
5078
5079
5081
5083
5084
5085
5086
5087
5089
5091
5092
5094
5095
5096
5097
5098
5099
5100
5101
5102
5103
5104
5110
5111
5112
5115
5117
5118
5121
5122
5123
5124
5126
5129
5130
5131
5132
5133
5137
5138
5140
5141
5142
5145
5146
5147
5148
5149
5150
5151
5159
5163
5165
5167
5168
5169
5170
5171
5172
5173
5174
5175
5176
5179
5181
5182
5183
5187
5188
5189
5193
5198
5200
5203
5204
5205
5209
5210
5212
5220
5224
5225
5226
5230
5232
5233
5235
5239
5241
5245
5246
5247
5248
5249
5251
5252
5253
5256
5257
5258
5259
5261
5263
5264
5265
5266
5267
5268
5269
5273
5274
5276
5279
5281
5283
5285
5288
5289
5290
5291
5292
5294
5297
5298
5300
5301
5302
5303
5304
5309
5313
5315
5317
5319
5321
5324
5325
5330
5333
5336
5338
5339
5341
5344
5345
5346
5347
5352
5353
5354
5355
5356
5357
5361
5362
5369
5370
5371
5373
5375
5378
5379
5380
5381
5382
5383
5388
5389
5390
5392
5393
5398
5400
5403
5404
5405
5408
5410
5411
5414
5417
5418
5419
5420
5421
5422
5423
5425
5428
5430
5431
5432
5433
5436
5438
5439
5440
5441
5442
5444
5445
5449
5453
5454
5456
5457
5458
5460
5462
5465
5467
5468
5469
5471
5474
5475
5478
5481
5483
5485
5487
5488
5489
5490
5493
5494
5495
5500
5501
5503
5504
5505
5507
5508
5510
5511
5512
5513
5514
5516
5518
5519
5520
5529
5530
5531
5532
5534
5535
5536
5537
5544
5545
5546
5547
5548
5549
5551
5553
5554
5555
5556
5558
5559
5560
5563
5564
5567
5570
5571
5572
5573
5574
5576
5577
5578
5585
5590
5591
5593
5594
5596
5597
5599
5600
5601
5603
5604
5605
5606
5607
5608
5610
5612
5613
5614
5616
5618
5619
5627
5628
5629
5630
5632
5634
5635
5636
5637
5639
5640
5641
5643
5644
5645
5647
5648
5649
5651
5652
5655
5656
5657
5660
5661
5663
5665
5670
5671
5672
5676
5678
5679
5681
5682
5683
5687
5691
5692
5693
5694
5695
5699
5700
5701
5702
5704
5705
5707
5710
5711
5712
5715
5716
5718
5719
5720
5722
5725
5726
5727
5728
5729
5731
5732
5737
5739
5740
5741
5742
5743
5744
5749
5750
5751
5752
5754
5755
5756
5759
5760
5761
5763
5764
5766
5768
5769
5770
5771
5773
5774
5776
5777
5778
5779
5783
5784
5788
5790
5791
5792
5795
5796
5800
5801
5802
5803
5805
5807
5809
5811
5814
5815
5818
5819
5820
5821
5823
5826
5829
5830
5831
5832
5833
5834
5835
5836
5839
5840
5842
5843
5845
5846
5847
5848
5850
5853
5855
5856
5857
5858
5860
5864
5865
5866
5868
5870
5872
5873
5876
5877
5879
5884
5885
5886
5887
5888
5891
5893
5894
5895
5896
5897
5898
5900
5901
5902
5903
5909
5912
5914
5916
5919
5920
5922
5923
5925
5926
5928
5929
5930
5931
5932
5934
5935
5937
5938
5940
5944
5948
5949
5951
5954
5956
5957
5958
5960
5961
5963
5966
5967
5968
5969
5972
5974
5976
5978
5979
5980
5981
5982
5983
5984
5986
5987
5988
5989
5991
5993
5994
5997
5999
6000
6001
6005
6006
6007
6014
6015
6016
6017
6020
6021
6022
6023
6024
6026
6027
6030
6031
6035
6036
6037
6039
6041
6042
6044
6048
6049
6051
6052
6055
6056
6058
6059
6062
6063
6065
6066
6067
6068
6069
6070
6071
6073
6074
6075
6076
6077
6080
6081
6082
6083
6086
6089
6092
6093
6094
6095
6096
6097
6098
6100
6101
6102
6103
6104
6106
6107
6108
6112
6113
6114
6115
6122
6124
6125
6126
6127
6128
6129
6130
6131
6132
6134
6136
6138
6140
6142
6146
6147
6148
6150
6151
6153
6159
6163
6164
6166
6168
6170
6175
6176
6177
6179
6180
6185
6187
6188
6190
6194
6195
6198
6199
6201
6202
6203
6204
6205
6208
6209
6210
6211
6212
6214
6219
6221
6223
6231
6236
6237
6238
6240
6243
6246
6248
6249
6250
6251
6252
6253
6254
6255
6256
6259
6260
6261
6263
6264
6266
6268
6271
6278
6279
6280
6281
6282
6283
6284
6285
6288
6292
6293
6294
6295
6296
6297
6298
6299
6301
6302
6305
6307
6308
6309
6310
6311
6313
6314
6318
6320
6322
6323
6324
6325
6327
6330
6331
6332
6334
6337
6338
6339
6343
6345
6349
6354
6355
6356
6357
6358
6360
6361
6362
6363
6365
6366
6367
6368
6369
6370
6371
6372
6374
6375
6377
6378
6379
6380
6382
6384
6385
6386
6388
6389
6391
6392
6393
6394
6395
6398
6399
6400
6401
6403
6407
6410
6411
6412
6415
6419
6423
6425
6427
6428
6430
6431
6432
6433
6436
6437
6439
6442
6444
6446
6448
6449
6451
6452
6453
6456
6458
6459
6461
6462
6463
6464
6466
6469
6471
6474
6476
6477
6478
6479
6480
6481
6482
6483
6492
6496
6500
6501
6502
6504
6505
6507
6509
6510
6512
6515
6517
6521
6523
6525
6527
6528
6531
6532
6533
6534
6535
6536
6539
6544
6546
6548
6549
6550
6551
6552
6553
6557
6559
6562
6563
6564
6565
6566
6567
6568
6569
6570
6573
6574
6576
6578
6581
6583
6584
6585
6586
6587
6589
6590
6591
6593
6598
6599
6600
6601
6602
6603
6604
6605
6607
6608
6609
6610
6611
6613
6615
6616
6617
6619
6620
6621
6622
6623
6627
6632
6633
6636
6637
6639
6641
6645
6647
6648
6649
6651
6652
6653
6655
6656
6657
6658
6663
6666
6667
6671
6672
6673
6674
6676
6677
6679
6681
6682
6683
6684
6686
6687
6693
6697
6698
6699
6700
6701
6704
6705
6706
6708
6709
6710
6711
6713
6714
6717
6718
6719
6720
6721
6724
6728
6730
6732
6733
6734
6735
6736
6738
6740
6742
6749
6750
6751
6755
6756
6758
6761
6763
6765
6766
6768
6772
6774
6775
6776
6777
6778
6779
6782
6783
6784
6788
6789
6790
6792
6795
6797
6798
6799
6800
6801
6803
6804
6806
6808
6812
6815
6817
6818
6819
6821
6823
6824
6825
6826
6827
6830
6832
6833
6836
6837
6839
6841
6844
6846
6848
6850
6851
6852
6854
6855
6859
6860
6861
6862
6865
6866
6873
6874
6877
6880
6882
6884
6886
6891
6892
6893
6894
6895
6896
6897
6898
6902
6904
6905
6906
6907
6908
6910
6911
6912
6914
6915
6916
6917
6918
6921
6925
6926
6927
6928
6929
6931
6932
6933
6934
6935
6937
6938
6942
6945
6946
6947
6951
6954
6955
6956
6959
6960
6961
6965
6966
6968
6969
6970
6971
6973
6974
6975
6976
6977
6978
6984
6985
6987
6991
6992
6993
6994
6996
7000
7001
7002
7004
7005
7006
7008
7009
7011
7014
7016
7018
7019
7028
7032
7037
7038
7039
7040
7041
7043
7044
7045
7046
7047
7048
7049
7052
7053
7054
7055
7058
7060
7063
7065
7066
7069
7070
7071
7072
7073
7075
7077
7082
7083
7085
7086
7087
7090
7094
7095
7096
7097
7098
7104
7105
7106
7111
7115
7116
7117
7120
7121
7125
7126
7129
7130
7134
7135
7137
7138
7140
7141
7142
7143
7147
7148
7152
7153
7154
7156
7157
7161
7162
7166
7168
7169
7170
7171
7172
7173
7174
7177
7178
7180
7182
7183
7185
7186
7187
7191
7194
7195
7197
7200
7201
7202
7203
7205
7208
7210
7213
7215
7217
7218
7219
7220
7221
7225
7230
7233
7237
7238
7241
7243
7247
7248
7249
7250
7251
7256
7258
7259
7263
7268
7271
7272
7273
7275
7276
7281
7282
7283
7286
7290
7291
7292
7293
7294
7295
7296
7301
7303
7304
7305
7310
7311
7312
7315
7316
7321
7322
7326
7328
7330
7332
7335
7336
7337
7339
7340
7341
7343
7344
7348
7349
7350
7351
7352
7353
7354
7355
7360
7361
7362
7363
7365
7366
7368
7369
7370
7371
7374
7375
7377
7380
7383
7384
7385
7389
7391
7394
7402
7404
7405
7406
7407
7410
7415
7417
7423
7425
7430
7432
7434
7438
7439
7440
7442
7444
7448
7450
7451
7452
7455
7457
7458
7459
7460
7462
7463
7465
7470
7471
7472
7475
7479
7480
7481
7482
7483
7486
7487
7490
7492
7493
7495
7498
7502
7503
7506
7507
7511
7512
7513
7514
7515
7518
7519
7520
7521
7523
7525
7526
7527
7528
7533
7534
7535
7536
7537
7538
7540
7541
7542
7544
7545
7547
7548
7549
7551
7553
7561
7562
7563
7564
7566
7567
7568
7569
7573
7575
7576
7577
7578
7579
7581
7582
7584
7585
7588
7590
7594
7595
7596
7597
7598
7600
7604
7605
7606
7607
7609
7610
7611
7612
7616
7619
7621
7622
7624
7625
7626
7627
7628
7630
7631
7633
7634
7635
7636
7638
7639
7640
7643
7644
7646
7647
7648
7650
7651
7653
7655
7656
7659
7660
7661
7662
7663
7664
7668
7671
7672
7673
7676
7679
7680
7683
7685
7686
7687
7689
7690
7693
7697
7698
7699
7701
7704
7705
7706
7709
7711
7716
7719
7722
7725
7732
7733
7736
7738
7739
7740
7742
7743
7744
7746
7747
7748
7750
7751
7752
7753
7755
7757
7758
7761
7770
7773
7774
7776
7778
7779
7781
7782
7783
7786
7790
7791
7792
7793
7797
7798
7799
7800
7802
7806
7807
7808
7809
7812
7815
7816
7819
7820
7821
7822
7823
7828
7829
7831
7833
7835
7838
7839
7840
7842
7845
7847
7848
7849
7850
7851
7852
7853
7854
7855
7857
7859
7861
7862
7864
7865
7866
7867
7868
7869
7870
7871
7872
7875
7876
7878
7879
7881
7883
7885
7886
7892
7893
7896
7897
7899
7900
7901
7903
7906
7909
7915
7920
7922
7923
7925
7928
7929
7931
7933
7935
7936
7939
7940
7941
7942
7943
7944
7946
7948
7949
7951
7952
7953
7960
7961
7962
7964
7966
7967
7970
7971
7973
7974
7978
7979
7980
7981
7982
7986
7987
7988
7993
7999
8001
8002
8003
8004
8006
8007
8008
8011
8012
8014
8018
8019
8020
8023
8024
8026
8028
8029
8030
8031
8032
8034
8037
8038
8039
8044
8045
8046
8048
8049
8050
8053
8057
8059
8061
8064
8065
8066
8069
8073
8074
8075
8086
8087
8088
8090
8091
8092
8093
8094
8097
8099
8100
8101
8102
8103
8108
8109
8114
8117
8118
8121
8122
8125
8127
8128
8129
8131
8132
8136
8137
8139
8140
8142
8145
8146
8149
8155
8156
8159
8160
8162
8164
8165
8166
8167
8168
8170
8172
8176
8177
8182
8183
8185
8187
8189
8191
8192
8194
8195
8199
8200
8201
8202
8204
8205
8206
8208
8209
8210
8212
8213
8214
8218
8222
8225
8226
8227
8228
8230
8233
8234
8235
8236
8237
8238
8240
8241
8242
8243
8246
8247
8248
8254
8256
8261
8262
8263
8264
8265
8267
8268
8270
8277
8278
8280
8281
8284
8286
8287
8288
8289
8291
8293
8294
8296
8299
8301
8302
8303
8306
8307
8309
8313
8314
8316
8317
8321
8324
8325
8326
8328
8330
8333
8334
8335
8336
8337
8338
8343
8345
8346
8348
8349
8351
8353
8354
8356
8359
8360
8361
8362
8363
8364
8366
8367
8370
8372
8375
8380
8381
8382
8383
8384
8385
8392
8393
8394
8395
8396
8397
8398
8405
8406
8407
8408
8415
8416
8417
8419
8421
8422
8423
8426
8430
8432
8433
8434
8436
8437
8439
8440
8442
8444
8445
8448
8449
8450
8451
8454
8456
8457
8458
8459
8461
8462
8465
8466
8468
8469
8472
8477
8478
8481
8482
8483
8485
8486
8487
8488
8490
8491
8494
8495
8497
8500
8502
8503
8504
8507
8509
8510
8513
8514
8515
8516
8518
8519
8520
8524
8526
8527
8529
8532
8534
8538
8540
8542
8544
8546
8548
8549
8550
8551
8553
8554
8556
8557
8558
8559
8560
8561
8566
8567
8568
8569
8570
8576
8578
8581
8582
8584
8585
8586
8587
8590
8591
8593
8598
8599
8600
8602
8604
8605
8608
8609
8610
8612
8615
8619
8620
8622
8623
8626
8627
8631
8632
8633
8637
8638
8641
8642
8643
8646
8647
8648
8649
8650
8651
8654
8655
8656
8658
8659
8660
8662
8663
8664
8666
8667
8668
8670
8673
8674
8681
8684
8685
8686
8690
8692
8695
8696
8697
8699
8705
8706
8708
8709
8711
8712
8713
8715
8716
8717
8719
8721
8722
8724
8725
8726
8728
8730
8731
8733
8735
8737
8741
8742
8743
8744
8746
8749
8750
8751
8753
8754
8755
8757
8759
8760
8764
8765
8768
8769
8770
8771
8773
8776
8780
8782
8783
8784
8785
8786
8787
8788
8790
8794
8796
8800
8801
8803
8804
8806
8808
8810
8811
8812
8813
8820
8823
8824
8828
8830
8832
8834
8837
8838
8843
8844
8848
8849
8852
8853
8854
8855
8856
8857
8859
8860
8861
8863
8866
8873
8875
8876
8877
8878
8881
8884
8886
8887
8888
8889
8892
8893
8896
8900
8903
8904
8905
8906
8907
8908
8909
8910
8913
8918
8919
8921
8922
8924
8928
8929
8930
8931
8933
8935
8937
8938
8939
8941
8942
8943
8944
8945
8949
8950
8951
8953
8955
8956
8958
8959
8960
8961
8962
8964
8965
8967
8970
8971
8972
8975
8979
8980
8981
8984
8985
8986
8988
8989
8990
8991
8994
8996
8998
8999
9000
9001
9002
9003
9008
9009
9010
9011
9012
9013
9016
9018
9019
9020
9025
9026
9029
9035
9036
9037
9040
9041
9042
9047
9048
9049
9050
9051
9052
9053
9054
9055
9056
9057
9060
9061
9063
9064
9066
9067
9069
9071
9073
9074
9077
9078
9079
9081
9083
9085
9086
9087
9091
9092
9093
9094
9095
9096
9099
9101
9102
9103
9104
9105
9106
9107
9108
9109
9112
9114
9116
9120
9122
9123
9125
9126
9128
9130
9131
9132
9135
9136
9137
9138
9139
9141
9142
9146
9148
9149
9151
9154
9158
9159
9162
9163
9164
9166
9168
9169
9170
9171
9173
9174
9175
9176
9177
9179
9180
9187
9188
9190
9191
9193
9194
9195
9196
9197
9198
9202
9203
9205
9206
9207
9208
9209
9210
9211
9212
9216
9217
9218
9220
9225
9227
9228
9230
9235
9237
9238
9239
9240
9241
9242
9243
9244
9245
9249
9253
9254
9255
9256
9257
9259
9260
9261
9262
9263
9264
9268
9270
9271
9275
9276
9278
9287
9289
9290
9291
9292
9293
9294
9295
9296
9297
9298
9299
9302
9305
9306
9307
9310
9311
9312
9315
9316
9317
9318
9319
9321
9322
9323
9325
9326
9327
9328
9330
9331
9332
9336
9338
9339
9340
9341
9344
9346
9347
9348
9349
9355
9357
9358
9359
9360
9363
9367
9368
9369
9372
9375
9376
9377
9379
9381
9382
9385
9386
9387
9388
9390
9391
9393
9394
9395
9403
9406
9410
9411
9413
9416
9417
9420
9421
9424
9425
9427
9428
9429
9430
9431
9432
9435
9436
9437
9440
9442
9443
9444
9445
9449
9450
9453
9455
9456
9459
9462
9466
9467
9468
9471
9474
9475
9477
9479
9481
9483
9487
9491
9492
9493
9494
9495
9496
9497
9499
9501
9502
9504
9505
9506
9507
9508
9510
9512
9513
9514
9516
9519
9520
9523
9524
9531
9532
9534
9535
9536
9537
9538
9539
9540
9542
9543
9544
9545
9548
9549
9550
9553
9554
9555
9556
9558
9560
9561
9562
9563
9564
9566
9567
9568
9570
9572
9575
9576
9577
9578
9579
9580
9581
9583
9584
9585
9586
9587
9588
9591
9594
9596
9597
9598
9599
9602
9603
9604
9605
9606
9607
9613
9614
9618
9620
9621
9624
9628
9632
9634
9635
9636
9638
9639
9640
9643
9644
9649
9651
9657
9659
9660
9661
9662
9663
9666
9667
9669
9670
9673
9674
9675
9676
9678
9679
9680
9681
9684
9685
9686
9688
9689
9690
9691
9692
9694
9697
9698
9699
9700
9701
9704
9705
9708
9710
9711
9714
9715
9716
9717
9718
9720
9722
9724
9726
9728
9730
9735
9738
9739
9740
9742
9745
9752
9754
9757
9758
9759
9760
9763
9767
9768
9769
9770
9773
9775
9776
9779
9782
9783
9784
9785
9786
9787
9789
9790
9791
9792
9793
9794
9797
9798
9799
9800
9801
9803
9804
9805
9808
9809
9812
9815
9817
9818
9819
9823
9825
9827
9828
9830
9832
9834
9835
9837
9839
9842
9843
9844
9846
9850
9852
9853
9856
9857
9858
9860
9862
9863
9865
9866
9867
9868
9871
9873
9874
9875
9877
9878
9879
9883
9885
9886
9887
9890
9891
9892
9893
9896
9898
9901
9904
9905
9906
9908
9909
9911
9912
9913
9914
9915
9916
9917
9919
9920
9922
9923
9924
9925
9928
9930
9932
9933
9934
9938
9942
9943
9946
9948
9951
9953
9958
9961
9962
9964
9965
9966
9967
9969
9971
9972
9975
9976
9977
9981
9982
9984
9988
9990
9991
9993
9995
9996
9998
