4
13
35
37
38
41
47
53
58
67
69
78
90
116
120
125
145
154
155
156
158
165
166
168
174
184
192
216
221
232
237
240
248
251
258
271
272
273
286
290
312
314
324
325
334
344
350
355
360
388
402
415
419
427
429
431
439
441
455
486
487
489
492
502
504
506
508
518
526
530
532
542
552
562
565
577
594
626
627
628
631
634
639
640
642
648
649
658
662
665
671
673
675
683
698
705
729
731
736
744
746
747
756
781
783
784
803
804
806
815
825
848
849
866
870
873
875
884
896
900
901
912
917
931
932
933
936
946
952
953
957
967
974
976
1034
1036
1041
1056
1063
1073
1079
1083
1097
1116
1130
1131
1132
1136
1139
1141
1155
1166
1171
1173
1183
1191
1193
1194
1196
1198
1211
1215
1220
1227
1242
1244
1256
1260
1269
1280
1284
1285
1294
1299
1300
1302
1310
1312
1336
1342
1345
1358
1360
1362
1365
1367
1375
1415
1422
1428
1432
1440
1460
1469
1471
1472
1479
1483
1485
1493
1497
1501
1504
1514
1519
1520
1532
1542
1548
1550
1551
1555
1576
1597
1607
1610
1611
1641
1655
1660
1662
1666
1678
1684
1690
1697
1699
1709
1710
1711
1721
1726
1727
1729
1730
1741
1776
1779
1792
1794
1801
1809
1812
1821
1825
1830
1843
1853
1859
1861
1875
1881
1917
1927
1928
1929
1931
1942
1943
1946
1949
1959
1973
1988
1989
1992
1997
2016
2026
2027
2029
2031
2032
2035
2048
2074
2076
2079
2082
2090
2091
2100
2106
2121
2133
2151
2154
2155
2157
2158
2162
2169
2174
2176
2177
2189
2209
2210
2211
2214
2220
2221
2226
2230
2236
2238
2240
2250
2256
2257
2258
2264
2269
2275
2284
2306
2324
2326
2330
2336
2369
2371
2375
2385
2386
2387
2389
2398
2400
2405
2418
2421
2422
2424
2427
2431
2446
2455
2497
2502
2503
2507
2511
2518
2521
2524
2526
2528
2545
2550
2572
2573
2576
2591
2592
2596
2599
2613
2617
2630
2639
2642
2660
2672
2678
2680
2684
2687
2690
2691
2695
2709
2713
2737
2757
2771
2772
2775
2779
2786
2787
2809
2814
2821
2826
2837
2840
2841
2843
2844
2858
2861
2863
2866
2872
2878
2889
2890
2898
2900
2901
2911
2919
2932
2933
2936
2942
2944
2947
2949
2957
2959
2966
2974
2978
2979
2992
2994
2995
2999
3001
3007
3010
3019
3024
3025
3032
3034
3042
3043
3046
3047
3051
3052
3057
3060
3066
3069
3070
3072
3079
3082
3086
3088
3095
3098
3103
3109
3115
3116
3121
3124
3125
3128
3134
3141
3151
3167
3172
3173
3174
3176
3179
3186
3189
3204
3210
3214
3220
3222
3225
3235
3237
3242
3252
3258
3260
3264
3271
3274
3278
3285
3287
3293
3299
3303
3307
3312
3327
3331
3333
3339
3341
3348
3365
3379
3381
3387
3391
3405
3408
3409
3414
3415
3435
3444
3450
3451
3465
3475
3476
3480
3488
3492
3494
3498
3506
3510
3561
3563
3566
3568
3612
3613
3637
3648
3649
3650
3654
3656
3661
3663
3667
3673
3674
3689
3692
3697
3698
3702
3723
3729
3733
3737
3746
3769
3775
3788
3789
3790
3792
3798
3800
3801
3814
3825
3831
3843
3845
3849
3852
3857
3864
3865
3868
3870
3875
3880
3891
3903
3913
3915
3918
3920
3924
3930
3932
3934
3936
3948
3966
3979
3984
4018
4028
4031
4043
4045
4053
4057
4062
4063
4067
4071
4084
4092
4097
4101
4103
4104
4111
4121
4124
4128
4137
4139
4144
4147
4150
4152
4154
4159
4179
4190
4201
4203
4213
4217
4226
4234
4240
4247
4253
4256
4263
4265
4275
4282
4294
4296
4298
4311
4325
4335
4342
4345
4350
4352
4353
4357
4358
4364
4371
4380
4385
4387
4409
4416
4418
4424
4428
4435
4439
4443
4444
4445
4448
4449
4464
4471
4481
4498
4504
4513
4542
4546
4550
4553
4576
4582
4595
4599
4607
4617
4619
4639
4648
4649
4652
4657
4660
4662
4679
4683
4692
4695
4696
4703
4706
4729
4750
4752
4753
4764
4769
4779
4785
4796
4804
4809
4813
4819
4820
4822
4840
4864
4867
4879
4881
4886
4892
4906
4919
4937
4945
4972
4990
4992
4994
5021
5025
5032
5033
5037
5056
5059
5063
5078
5085
5096
5099
5103
5104
5110
5112
5129
5137
5150
5168
5174
5175
5179
5196
5202
5205
5212
5214
5226
5235
5246
5247
5257
5258
5259
5265
5267
5273
5274
5276
5283
5291
5292
5301
5324
5338
5346
5373
5375
5386
5388
5393
5396
5400
5410
5420
5421
5422
5425
5430
5431
5439
5440
5445
5463
5499
5500
5501
5529
5548
5552
5554
5562
5563
5567
5572
5574
5586
5587
5594
5600
5604
5613
5622
5628
5629
5634
5635
5649
5652
5655
5657
5662
5665
5687
5694
5696
5701
5706
5715
5727
5731
5743
5755
5763
5770
5776
5777
5795
5803
5815
5824
5826
5833
5835
5840
5850
5862
5865
5867
5869
5870
5876
5879
5885
5888
5893
5894
5900
5908
5909
5920
5922
5949
5954
5956
5966
5967
5972
5981
5984
5998
6003
6006
6021
6022
6024
6026
6027
6048
6063
6067
6071
6080
6084
6090
6094
6101
6114
6119
6124
6134
6138
6173
6174
6179
6185
6195
6199
6208
6209
6219
6234
6238
6249
6250
6263
6269
6281
6284
6285
6288
6293
6305
6306
6324
6333
6335
6339
6345
6347
6360
6362
6365
6366
6368
6370
6375
6381
6401
6410
6427
6446
6449
6451
6459
6468
6482
6502
6506
6522
6527
6536
6542
6550
6553
6563
6566
6581
6584
6585
6591
6619
6625
6627
6628
6633
6635
6636
6637
6645
6648
6651
6654
6658
6668
6671
6706
6708
6711
6721
6726
6740
6745
6772
6781
6782
6787
6792
6793
6808
6830
6832
6836
6844
6854
6855
6856
6860
6864
6866
6872
6878
6905
6907
6908
6911
6915
6925
6927
6929
6934
6945
6949
6952
6966
6968
6970
6974
6976
6987
7000
7002
7005
7016
7019
7024
7035
7044
7045
7051
7053
7058
7070
7075
7077
7082
7090
7096
7102
7103
7104
7106
7111
7116
7121
7125
7134
7139
7147
7153
7158
7160
7169
7170
7171
7185
7214
7230
7231
7241
7258
7261
7267
7272
7273
7275
7293
7304
7326
7334
7335
7337
7339
7341
7344
7361
7365
7368
7369
7370
7380
7385
7405
7415
7430
7432
7434
7440
7444
7455
7456
7459
7460
7462
7463
7482
7483
7487
7492
7496
7507
7508
7521
7529
7539
7541
7568
7584
7591
7598
7601
7610
7611
7625
7627
7630
7638
7658
7659
7661
7676
7683
7687
7693
7694
7695
7696
7698
7699
7725
7733
7738
7742
7746
7750
7758
7760
7761
7779
7781
7783
7792
7800
7801
7802
7806
7821
7826
7829
7832
7842
7843
7845
7848
7855
7860
7864
7868
7869
7870
7871
7872
7876
7879
7883
7890
7892
7904
7926
7928
7935
7951
7983
7988
8007
8011
8012
8014
8024
8028
8035
8044
8053
8062
8065
8066
8071
8088
8091
8092
8095
8108
8116
8117
8122
8128
8131
8134
8145
8159
8161
8166
8167
8178
8182
8187
8198
8199
8201
8206
8225
8229
8235
8236
8238
8240
8242
8254
8255
8257
8258
8262
8265
8271
8296
8299
8302
8307
8311
8322
8324
8338
8345
8358
8364
8366
8372
8395
8402
8406
8417
8419
8432
8434
8440
8448
8450
8453
8454
8458
8465
8469
8471
8477
8495
8496
8498
8500
8502
8503
8509
8514
8516
8524
8529
8532
8533
8546
8548
8550
8552
8557
8568
8570
8587
8592
8600
8603
8608
8610
8614
8630
8633
8643
8657
8658
8662
8667
8673
8685
8690
8695
8699
8706
8712
8719
8724
8732
8733
8735
8744
8762
8764
8765
8771
8782
8791
8794
8796
8802
8810
8835
8838
8845
8850
8852
8863
8864
8871
8872
8873
8877
8892
8900
8908
8922
8924
8926
8931
8938
8939
8942
8950
8954
8956
8964
8965
8971
8980
8986
8993
8994
9000
9025
9049
9052
9056
9065
9083
9087
9091
9093
9095
9102
9105
9114
9117
9120
9132
9137
9138
9142
9159
9163
9168
9175
9187
9188
9191
9206
9208
9233
9241
9251
9259
9270
9276
9289
9295
9302
9310
9313
9315
9319
9322
9332
9338
9339
9341
9343
9344
9347
9354
9355
9358
9363
9372
9375
9376
9393
9395
9397
9398
9399
9400
9411
9412
9428
9430
9447
9460
9478
9481
9493
9494
9497
9501
9506
9507
9509
9511
9516
9532
9534
9536
9545
9561
9565
9576
9577
9583
9585
9588
9596
9597
9603
9635
9651
9653
9657
9662
9678
9686
9692
9696
9698
9705
9711
9724
9754
9759
9775
9779
9783
9784
9786
9790
9798
9804
9805
9817
9819
9827
9828
9830
9832
9834
9842
9850
9852
9862
9878
9882
9891
9898
9914
9916
9924
9930
9933
9938
9941
9943
9947
9951
9956
9962
9974
9979
9981
9989
