37
53
58
69
78
90
116
120
125
165
168
221
232
240
248
271
272
286
314
344
388
419
439
441
455
486
487
508
518
532
552
562
577
627
631
639
640
642
658
662
698
705
729
731
736
746
781
803
806
815
848
849
873
917
936
1034
1036
1056
1073
1097
1136
1166
1171
1191
1193
1196
1220
1242
1285
1294
1362
1415
1432
1472
1479
1483
1493
1501
1504
1551
1576
1597
1607
1610
1662
1666
1678
1721
1729
1730
1741
1776
1779
1792
1794
1853
1859
1881
1928
1931
1959
1973
2027
2079
2090
2155
2157
2158
2169
2176
2177
2189
2209
2211
2214
2221
2226
2230
2236
2250
2257
2258
2306
2324
2326
2330
2369
2385
2386
2387
2389
2400
2424
2427
2446
2497
2521
2545
2550
2591
2630
2660
2678
2687
2690
2691
2737
2757
2771
2772
2787
2809
2814
2821
2837
2840
2844
2863
2872
2878
2889
2900
2901
2911
2919
2942
2944
2949
2957
2959
2966
2992
2999
3001
3010
3019
3032
3046
3060
3072
3086
3088
3109
3124
3128
3167
3172
3174
3176
3204
3210
3242
3252
3258
3299
3331
3339
3379
3381
3391
3408
3414
3444
3450
3465
3488
3492
3506
3510
3561
3568
3637
3649
3661
3674
3689
3698
3729
3746
3788
3789
3790
3825
3845
3849
3891
3934
3936
3948
3966
4018
4045
4053
4067
4101
4103
4104
4111
4137
4139
4152
4154
4159
4203
4213
4217
4240
4247
4256
4263
4265
4275
4296
4311
4325
4335
4342
4352
4353
4357
4358
4371
4385
4387
4409
4416
4424
4435
4439
4443
4445
4448
4498
4504
4576
4617
4619
4679
4695
4696
4729
4752
4804
4809
4820
4822
4864
4879
4881
4919
4945
4972
4990
4992
5056
5059
5063
5085
5096
5099
5103
5110
5112
5129
5137
5168
5174
5175
5205
5235
5246
5257
5259
5274
5276
5283
5301
5324
5338
5373
5375
5393
5400
5420
5430
5431
5439
5440
5500
5501
5548
5572
5594
5604
5613
5628
5634
5635
5649
5657
5687
5701
5731
5743
5755
5763
5770
5776
5795
5803
5815
5833
5840
5865
5870
5876
5885
5893
5900
5922
5956
5981
6006
6024
6063
6071
6101
6114
6138
6185
6199
6208
6209
6281
6284
6293
6305
6324
6345
6360
6362
6365
6366
6368
6370
6375
6427
6446
6449
6550
6581
6585
6591
6619
6627
6637
6645
6651
6706
6708
6711
6721
6782
6808
6844
6855
6860
6905
6907
6908
6911
6929
6945
6968
6974
7002
7016
7019
7044
7053
7070
7077
7082
7090
7106
7111
7116
7121
7134
7153
7169
7170
7171
7185
7230
7273
7275
7293
7326
7335
7361
7368
7405
7415
7430
7432
7459
7460
7462
7507
7521
7584
7610
7611
7625
7638
7661
7683
7687
7725
7742
7750
7761
7779
7783
7792
7800
7806
7821
7829
7842
7848
7864
7871
7872
7879
7892
7935
8028
8044
8053
8065
8066
8091
8108
8122
8128
8131
8145
8159
8166
8167
8199
8206
8225
8235
8240
8262
8265
8296
8324
8364
8372
8434
8440
8448
8465
8495
8500
8509
8514
8532
8568
8610
8633
8673
8685
8695
8712
8719
8724
8733
8744
8764
8794
8796
8810
8838
8852
8900
8908
8924
8931
8942
8950
8956
8964
8965
8986
8994
9049
9052
9091
9093
9102
9105
9114
9120
9137
9159
9163
9188
9208
9276
9295
9319
9339
9344
9347
9363
9395
9411
9481
9501
9507
9532
9534
9536
9545
9561
9576
9583
9588
9596
9597
9603
9651
9657
9662
9698
9783
9786
9790
9805
9819
9827
9832
9850
9852
9878
9891
9916
9924
9943
9962
9981
