3
9
14
24
33
34
37
40
48
51
52
53
58
59
60
68
69
74
78
81
84
90
93
106
107
113
116
118
120
125
127
128
139
147
162
165
168
169
192
208
211
213
214
215
221
223
226
232
236
240
241
244
245
248
251
264
266
271
272
283
286
294
296
297
299
302
308
313
314
316
330
335
336
337
338
340
344
348
372
379
384
388
392
395
397
406
410
419
428
437
438
439
441
450
451
452
454
455
458
459
462
472
473
474
478
479
480
481
486
487
496
508
514
518
519
522
523
526
528
529
532
538
544
545
548
550
552
553
554
555
562
569
572
573
577
578
579
584
586
590
592
595
598
602
614
619
620
625
627
630
631
636
639
640
642
645
652
654
656
658
660
661
662
663
667
670
674
683
685
690
696
698
700
705
712
716
722
729
731
735
736
742
743
746
748
749
750
754
755
756
764
767
770
771
781
791
794
795
798
801
803
805
806
808
809
810
815
821
822
827
828
837
840
843
846
847
848
849
852
857
858
861
862
863
868
872
873
874
878
880
888
899
902
905
909
910
911
917
920
924
925
934
936
939
950
951
955
959
964
965
975
979
980
983
991
995
996
1004
1010
1011
1013
1015
1019
1022
1033
1034
1036
1039
1042
1045
1055
1056
1057
1059
1061
1070
1073
1095
1097
1102
1103
1108
1111
1116
1124
1125
1133
1136
1137
1138
1139
1142
1144
1147
1149
1156
1166
1167
1168
1169
1171
1185
1190
1191
1193
1196
1200
1202
1204
1219
1220
1222
1228
1230
1233
1240
1241
1242
1262
1263
1269
1277
1285
1286
1289
1292
1294
1296
1297
1304
1307
1309
1312
1314
1315
1321
1325
1329
1338
1344
1345
1348
1351
1355
1362
1366
1377
1378
1385
1388
1391
1398
1399
1400
1406
1409
1412
1415
1423
1427
1432
1436
1437
1439
1440
1441
1447
1448
1453
1457
1465
1470
1472
1474
1475
1478
1479
1481
1482
1483
1492
1493
1494
1499
1500
1501
1504
1508
1512
1513
1518
1522
1527
1533
1535
1536
1537
1541
1546
1551
1556
1557
1559
1560
1564
1566
1570
1576
1577
1579
1584
1587
1597
1598
1599
1601
1602
1603
1607
1610
1614
1615
1617
1618
1619
1621
1627
1633
1635
1637
1638
1641
1645
1648
1662
1666
1675
1678
1680
1685
1691
1694
1695
1698
1715
1718
1720
1721
1729
1730
1731
1735
1739
1741
1742
1743
1747
1750
1752
1754
1768
1769
1772
1773
1776
1779
1789
1790
1791
1792
1793
1794
1798
1800
1812
1818
1820
1824
1825
1831
1835
1837
1839
1844
1849
1853
1855
1856
1859
1871
1876
1881
1882
1885
1888
1889
1899
1900
1903
1907
1912
1915
1919
1920
1925
1928
1930
1931
1934
1941
1944
1948
1950
1954
1957
1959
1960
1961
1963
1964
1973
1982
1983
1989
1993
1994
1998
2003
2006
2012
2024
2027
2036
2038
2040
2043
2051
2053
2059
2066
2070
2073
2076
2079
2084
2087
2088
2090
2093
2095
2105
2110
2113
2115
2117
2120
2124
2125
2148
2152
2153
2155
2157
2158
2160
2165
2169
2170
2174
2175
2176
2177
2182
2187
2189
2193
2198
2205
2206
2209
2211
2214
2221
2222
2226
2230
2234
2236
2237
2240
2245
2247
2250
2257
2258
2267
2270
2271
2272
2276
2277
2281
2282
2283
2284
2286
2287
2289
2290
2291
2293
2294
2296
2298
2299
2306
2308
2313
2320
2324
2326
2329
2330
2332
2333
2337
2339
2340
2341
2342
2343
2346
2347
2348
2359
2364
2367
2369
2370
2380
2383
2385
2386
2387
2389
2396
2400
2403
2405
2408
2413
2423
2424
2426
2427
2430
2432
2437
2438
2441
2446
2453
2454
2459
2461
2463
2464
2465
2473
2474
2475
2481
2483
2490
2491
2493
2495
2497
2502
2503
2504
2510
2511
2517
2521
2525
2531
2541
2543
2545
2546
2548
2550
2552
2556
2558
2575
2577
2578
2580
2581
2588
2591
2594
2609
2610
2611
2622
2628
2630
2631
2635
2636
2637
2639
2643
2644
2650
2656
2658
2659
2660
2661
2664
2669
2673
2675
2676
2677
2678
2679
2681
2686
2687
2690
2691
2693
2694
2697
2699
2700
2707
2711
2712
2714
2716
2717
2718
2719
2724
2725
2726
2735
2736
2737
2740
2745
2748
2753
2757
2762
2763
2766
2771
2772
2774
2778
2785
2787
2789
2791
2795
2796
2798
2801
2802
2804
2806
2809
2811
2812
2814
2815
2818
2819
2820
2821
2822
2826
2828
2833
2837
2839
2840
2841
2842
2844
2848
2849
2857
2863
2868
2871
2872
2878
2883
2889
2890
2891
2897
2900
2901
2902
2907
2908
2909
2910
2911
2912
2918
2919
2927
2934
2936
2937
2938
2940
2942
2943
2944
2945
2947
2949
2954
2957
2959
2960
2963
2965
2966
2970
2971
2980
2983
2988
2991
2992
2998
2999
3001
3004
3005
3009
3010
3013
3018
3019
3026
3032
3036
3039
3042
3046
3048
3053
3054
3058
3060
3064
3072
3073
3074
3080
3084
3086
3088
3093
3096
3105
3109
3115
3117
3123
3124
3128
3131
3136
3140
3145
3149
3150
3154
3156
3157
3159
3164
3167
3168
3170
3171
3172
3174
3175
3176
3187
3196
3198
3204
3206
3210
3215
3216
3229
3230
3233
3234
3241
3242
3243
3245
3252
3257
3258
3260
3261
3265
3277
3286
3288
3298
3299
3306
3312
3322
3331
3339
3341
3343
3345
3351
3352
3354
3356
3367
3378
3379
3381
3383
3391
3393
3394
3395
3397
3400
3403
3408
3410
3411
3413
3414
3424
3425
3426
3427
3429
3438
3444
3447
3450
3451
3452
3462
3463
3465
3466
3467
3469
3473
3476
3478
3482
3484
3486
3488
3489
3491
3492
3500
3506
3508
3509
3510
3519
3523
3532
3536
3542
3546
3547
3549
3550
3551
3553
3554
3556
3561
3568
3570
3571
3573
3575
3580
3581
3583
3587
3590
3591
3604
3606
3610
3612
3615
3617
3621
3628
3634
3636
3637
3638
3645
3647
3649
3655
3656
3658
3660
3661
3662
3674
3678
3679
3681
3689
3690
3694
3695
3698
3699
3703
3705
3709
3717
3720
3722
3723
3724
3725
3726
3729
3730
3735
3746
3749
3751
3756
3758
3763
3768
3772
3778
3779
3784
3785
3788
3789
3790
3807
3810
3812
3815
3816
3820
3821
3825
3833
3842
3845
3849
3850
3853
3867
3869
3872
3873
3888
3891
3895
3897
3905
3908
3912
3923
3928
3931
3934
3935
3936
3937
3940
3946
3948
3954
3955
3962
3963
3965
3966
3972
3999
4002
4004
4015
4016
4017
4018
4023
4024
4027
4030
4033
4034
4039
4045
4049
4053
4054
4056
4059
4064
4065
4067
4076
4078
4082
4087
4088
4093
4099
4101
4103
4104
4105
4111
4112
4113
4119
4121
4126
4135
4137
4138
4139
4142
4149
4152
4154
4157
4158
4159
4161
4165
4167
4168
4170
4177
4178
4184
4187
4196
4198
4203
4207
4209
4213
4214
4215
4217
4220
4224
4225
4229
4233
4240
4244
4247
4254
4256
4259
4263
4264
4265
4267
4275
4276
4277
4278
4279
4284
4286
4296
4297
4299
4303
4305
4311
4314
4315
4320
4321
4325
4330
4332
4335
4336
4340
4342
4343
4352
4353
4354
4357
4358
4365
4366
4369
4371
4372
4375
4378
4381
4385
4387
4388
4392
4396
4397
4409
4416
4417
4424
4425
4429
4433
4435
4437
4439
4443
4445
4448
4452
4465
4469
4472
4474
4478
4480
4484
4485
4488
4493
4498
4499
4500
4503
4504
4512
4516
4523
4530
4531
4533
4534
4535
4543
4544
4549
4557
4559
4563
4574
4576
4587
4590
4597
4602
4614
4615
4617
4619
4620
4622
4637
4638
4646
4650
4663
4668
4670
4672
4673
4675
4677
4679
4681
4685
4686
4687
4691
4693
4695
4696
4697
4702
4704
4709
4711
4723
4729
4730
4731
4737
4739
4741
4742
4744
4749
4752
4762
4766
4767
4769
4775
4783
4786
4802
4804
4809
4820
4822
4834
4841
4843
4853
4859
4862
4864
4866
4871
4875
4879
4881
4887
4891
4894
4903
4904
4909
4915
4916
4919
4920
4923
4928
4929
4944
4945
4946
4950
4956
4957
4960
4964
4969
4972
4977
4980
4990
4992
5001
5003
5014
5016
5028
5041
5042
5044
5047
5052
5056
5059
5063
5065
5068
5070
5076
5081
5085
5089
5091
5094
5095
5096
5099
5101
5103
5109
5110
5112
5113
5118
5124
5126
5129
5131
5132
5137
5138
5146
5147
5149
5151
5167
5168
5169
5171
5174
5175
5176
5181
5188
5189
5197
5198
5200
5201
5203
5205
5207
5209
5210
5215
5225
5231
5235
5242
5243
5246
5248
5249
5253
5257
5259
5268
5269
5274
5276
5277
5279
5281
5283
5285
5297
5298
5300
5301
5303
5308
5311
5315
5317
5318
5319
5320
5324
5325
5331
5338
5345
5356
5361
5367
5373
5375
5378
5380
5381
5392
5393
5400
5403
5404
5405
5406
5407
5408
5419
5420
5430
5431
5432
5436
5438
5439
5440
5442
5449
5453
5454
5455
5462
5469
5471
5477
5478
5481
5483
5484
5493
5495
5497
5500
5501
5503
5504
5511
5518
5520
5531
5534
5544
5545
5547
5548
5549
5552
5555
5556
5572
5573
5577
5582
5585
5586
5591
5594
5601
5603
5604
5607
5610
5612
5613
5616
5619
5620
5627
5628
5630
5633
5634
5635
5636
5643
5649
5654
5656
5657
5658
5661
5670
5672
5679
5681
5687
5693
5701
5702
5704
5705
5713
5720
5723
5731
5736
5743
5744
5746
5752
5755
5763
5764
5767
5768
5769
5770
5773
5774
5776
5786
5793
5795
5800
5803
5810
5814
5815
5817
5820
5823
5830
5833
5839
5840
5843
5845
5847
5852
5853
5865
5867
5868
5870
5872
5876
5884
5885
5893
5895
5896
5900
5903
5913
5915
5916
5919
5921
5922
5923
5925
5926
5928
5929
5930
5931
5934
5942
5952
5956
5958
5963
5968
5973
5976
5980
5981
5985
5987
5989
5993
6001
6006
6011
6014
6016
6020
6024
6030
6031
6035
6036
6045
6054
6060
6063
6068
6069
6070
6071
6073
6074
6075
6092
6097
6098
6099
6101
6105
6108
6114
6118
6126
6128
6129
6135
6138
6147
6148
6159
6160
6162
6168
6169
6172
6176
6178
6185
6190
6197
6199
6200
6203
6208
6209
6212
6218
6220
6221
6223
6224
6228
6230
6233
6235
6236
6248
6255
6260
6261
6264
6266
6278
6281
6282
6283
6284
6292
6293
6297
6299
6300
6302
6305
6307
6308
6310
6324
6325
6330
6334
6337
6338
6343
6344
6345
6349
6357
6358
6360
6361
6362
6365
6366
6368
6370
6371
6372
6375
6378
6379
6380
6385
6393
6398
6399
6400
6406
6407
6412
6415
6421
6426
6427
6429
6430
6433
6434
6444
6446
6449
6455
6461
6462
6469
6476
6477
6479
6492
6495
6500
6504
6510
6517
6519
6521
6524
6538
6548
6549
6550
6551
6552
6557
6559
6562
6568
6573
6581
6585
6587
6589
6591
6594
6598
6600
6601
6604
6605
6607
6609
6611
6613
6615
6616
6619
6621
6627
6637
6640
6645
6647
6651
6661
6665
6669
6676
6677
6686
6687
6693
6697
6699
6700
6701
6703
6704
6705
6706
6708
6710
6711
6713
6718
6720
6721
6724
6728
6734
6737
6745
6750
6756
6763
6765
6775
6776
6777
6782
6783
6784
6785
6786
6787
6789
6790
6797
6800
6806
6808
6809
6815
6819
6840
6843
6844
6848
6852
6855
6856
6860
6865
6873
6874
6877
6881
6882
6893
6896
6898
6904
6905
6907
6908
6910
6911
6914
6917
6918
6920
6922
6929
6931
6932
6933
6934
6937
6945
6946
6947
6952
6954
6956
6958
6960
6967
6968
6973
6974
6993
6996
7002
7010
7013
7016
7019
7023
7031
7032
7035
7037
7038
7044
7052
7053
7054
7056
7063
7065
7068
7070
7077
7079
7081
7082
7085
7087
7090
7103
7105
7106
7111
7115
7116
7120
7121
7126
7129
7134
7143
7149
7151
7153
7154
7155
7158
7160
7166
7167
7169
7170
7171
7174
7177
7178
7185
7187
7197
7202
7208
7210
7230
7231
7237
7245
7247
7248
7249
7259
7261
7262
7268
7271
7273
7274
7275
7281
7283
7286
7292
7293
7294
7301
7303
7307
7312
7319
7326
7328
7329
7334
7335
7336
7349
7350
7358
7359
7361
7366
7368
7373
7374
7377
7383
7384
7394
7395
7405
7406
7415
7430
7432
7438
7450
7451
7453
7459
7460
7462
7465
7472
7475
7486
7497
7500
7506
7507
7508
7514
7518
7519
7520
7521
7523
7525
7526
7529
7536
7537
7545
7553
7557
7564
7569
7572
7573
7576
7578
7580
7582
7584
7600
7604
7610
7611
7612
7614
7615
7616
7625
7628
7633
7634
7635
7638
7639
7646
7647
7651
7657
7660
7661
7662
7672
7679
7682
7683
7685
7687
7690
7695
7696
7697
7716
7725
7731
7736
7742
7750
7761
7762
7773
7776
7779
7783
7785
7791
7792
7800
7806
7807
7812
7814
7815
7818
7821
7823
7828
7829
7830
7831
7832
7834
7837
7838
7840
7842
7848
7853
7854
7857
7861
7862
7864
7865
7871
7872
7878
7879
7881
7883
7886
7889
7892
7897
7899
7900
7901
7903
7904
7912
7913
7915
7916
7919
7923
7929
7931
7935
7937
7938
7939
7941
7942
7946
7948
7960
7961
7962
7963
7965
7969
7970
7974
7976
7980
7981
7983
7993
7994
8000
8001
8003
8004
8008
8013
8017
8020
8023
8025
8028
8029
8035
8044
8045
8046
8047
8048
8049
8053
8059
8064
8065
8066
8075
8076
8084
8086
8091
8095
8097
8100
8101
8102
8105
8108
8109
8111
8122
8124
8128
8129
8131
8132
8133
8137
8140
8142
8145
8149
8153
8159
8165
8166
8167
8183
8184
8189
8191
8192
8194
8198
8199
8203
8204
8205
8206
8209
8225
8226
8228
8233
8235
8240
8247
8262
8264
8265
8267
8268
8273
8278
8284
8288
8295
8296
8297
8303
8321
8324
8328
8330
8331
8334
8336
8353
8356
8357
8358
8360
8362
8364
8372
8382
8384
8388
8397
8405
8406
8415
8418
8420
8423
8424
8425
8434
8436
8439
8440
8443
8444
8448
8451
8461
8465
8466
8468
8481
8483
8486
8488
8490
8493
8495
8496
8497
8500
8501
8504
8508
8509
8514
8515
8522
8532
8534
8542
8544
8547
8549
8553
8560
8567
8568
8569
8573
8584
8588
8589
8603
8604
8605
8610
8615
8619
8620
8622
8623
8627
8630
8633
8638
8640
8641
8654
8655
8656
8657
8659
8661
8664
8665
8669
8672
8673
8674
8678
8679
8685
8688
8689
8692
8695
8696
8705
8710
8711
8712
8716
8717
8719
8721
8724
8725
8731
8733
8741
8742
8743
8744
8749
8751
8757
8763
8764
8769
8779
8785
8786
8789
8790
8792
8794
8796
8803
8808
8809
8810
8812
8813
8814
8828
8832
8837
8838
8840
8843
8844
8846
8848
8852
8870
8885
8889
8893
8896
8900
8904
8905
8908
8910
8911
8913
8919
8924
8931
8941
8942
8944
8949
8950
8955
8956
8958
8959
8960
8962
8964
8965
8972
8979
8981
8986
8988
8990
8994
9001
9002
9007
9013
9016
9018
9019
9027
9031
9036
9043
9045
9047
9048
9049
9052
9071
9076
9078
9081
9084
9086
9091
9092
9093
9094
9099
9101
9102
9105
9106
9107
9112
9114
9120
9125
9128
9130
9133
9134
9136
9137
9141
9144
9146
9148
9151
9154
9159
9161
9162
9163
9170
9179
9180
9188
9195
9197
9198
9201
9202
9208
9212
9248
9254
9257
9261
9264
9268
9274
9276
9278
9281
9285
9287
9291
9295
9297
9298
9305
9307
9316
9317
9319
9320
9323
9330
9339
9342
9344
9346
9347
9361
9363
9369
9373
9379
9380
9388
9391
9395
9398
9402
9406
9411
9414
9421
9427
9429
9434
9436
9437
9439
9444
9449
9450
9452
9453
9455
9466
9468
9473
9475
9478
9481
9487
9498
9501
9505
9507
9520
9522
9525
9532
9534
9536
9537
9540
9542
9545
9548
9554
9555
9558
9561
9566
9570
9572
9575
9576
9580
9583
9585
9587
9588
9596
9597
9598
9599
9603
9605
9607
9613
9614
9620
9635
9642
9651
9653
9657
9659
9660
9662
9663
9669
9672
9676
9680
9681
9685
9689
9690
9691
9694
9698
9700
9702
9708
9710
9712
9716
9718
9720
9726
9742
9743
9745
9747
9750
9751
9752
9760
9768
9769
9773
9783
9785
9786
9787
9788
9790
9792
9793
9797
9801
9805
9806
9808
9809
9818
9819
9827
9831
9832
9837
9843
9844
9846
9850
9852
9854
9857
9858
9863
9866
9870
9871
9875
9878
9885
9890
9891
9892
9895
9906
9907
9908
9911
9916
9917
9920
9924
9926
9932
9943
9946
9948
9958
9962
9964
9967
9971
9977
9978
9980
9981
9994
9996
9998
