38
54
59
70
79
91
117
121
126
166
169
222
233
241
249
272
273
287
315
345
389
420
440
442
456
487
488
509
519
533
553
563
578
628
632
640
641
643
659
663
699
706
730
732
737
747
782
804
807
816
849
850
874
918
937
1035
1037
1057
1074
1098
1137
1167
1172
1192
1194
1197
1221
1243
1286
1295
1363
1416
1433
1473
1480
1484
1494
1502
1505
1552
1577
1598
1608
1611
1663
1667
1679
1722
1730
1731
1742
1777
1780
1793
1795
1854
1860
1882
1929
1932
1960
1974
2028
2080
2091
2156
2158
2159
2170
2177
2178
2190
2210
2212
2215
2222
2227
2231
2237
2251
2258
2259
2307
2325
2327
2331
2370
2386
2387
2388
2390
2401
2425
2428
2447
2498
2522
2546
2551
2592
2631
2661
2679
2688
2691
2692
2738
2758
2772
2773
2788
2810
2815
2822
2838
2841
2845
2864
2873
2879
2890
2901
2902
2912
2920
2943
2945
2950
2958
2960
2967
2993
3000
3002
3011
3020
3033
3047
3061
3073
3087
3089
3110
3125
3129
3168
3173
3175
3177
3205
3211
3243
3253
3259
3300
3332
3340
3380
3382
3392
3409
3415
3445
3451
3466
3489
3493
3507
3511
3562
3569
3638
3650
3662
3675
3690
3699
3730
3747
3789
3790
3791
3826
3846
3850
3892
3935
3937
3949
3967
4019
4046
4054
4068
4102
4104
4105
4112
4138
4140
4153
4155
4160
4204
4214
4218
4241
4248
4257
4264
4266
4276
4297
4312
4326
4336
4343
4353
4354
4358
4359
4372
4386
4388
4410
4417
4425
4436
4440
4444
4446
4449
4499
4505
4577
4618
4620
4680
4696
4697
4730
4753
4805
4810
4821
4823
4865
4880
4882
4920
4946
4973
4991
4993
5057
5060
5064
5086
5097
5100
5104
5111
5113
5130
5138
5169
5175
5176
5206
5236
5247
5258
5260
5275
5277
5284
5302
5325
5339
5374
5376
5394
5401
5421
5431
5432
5440
5441
5501
5502
5549
5573
5595
5605
5614
5629
5635
5636
5650
5658
5688
5702
5732
5744
5756
5764
5771
5777
5796
5804
5816
5834
5841
5866
5871
5877
5886
5894
5901
5923
5957
5982
6007
6025
6064
6072
6102
6115
6139
6186
6200
6209
6210
6282
6285
6294
6306
6325
6346
6361
6363
6366
6367
6369
6371
6376
6428
6447
6450
6551
6582
6586
6592
6620
6628
6638
6646
6652
6707
6709
6712
6722
6783
6809
6845
6856
6861
6906
6908
6909
6912
6930
6946
6969
6975
7003
7017
7020
7045
7054
7071
7078
7083
7091
7107
7112
7117
7122
7135
7154
7161
7170
7171
7172
7186
7231
7274
7276
7294
7327
7336
7362
7369
7406
7416
7431
7433
7460
7461
7463
7508
7522
7585
7611
7612
7626
7639
7662
7684
7688
7726
7743
7751
7762
7780
7784
7793
7801
7807
7822
7830
7843
7849
7865
7872
7873
7880
7893
7936
8029
8045
8054
8066
8067
8092
8109
8123
8129
8132
8146
8160
8167
8168
8200
8207
8226
8236
8241
8263
8266
8297
8325
8365
8373
8435
8441
8449
8466
8496
8501
8510
8515
8533
8569
8611
8634
8674
8686
8696
8713
8720
8725
8734
8745
8765
8795
8797
8811
8839
8853
8901
8909
8925
8932
8943
8951
8957
8965
8966
8987
8995
9050
9053
9092
9094
9103
9106
9115
9121
9138
9160
9164
9189
9209
9277
9296
9320
9340
9345
9348
9364
9396
9412
9482
9502
9508
9533
9535
9537
9546
9562
9577
9584
9589
9597
9598
9604
9652
9658
9663
9699
9784
9787
9791
9806
9820
9828
9833
9851
9853
9879
9892
9917
9925
9944
9963
9982